/*--------------------------------*- C++ -*----------------------------------*\
| =========                 |                                                 |
| \\      /  F ield         | OpenFOAM: The Open Source CFD Toolbox           |
|  \\    /   O peration     | Version:  4.1                                   |
|   \\  /    A nd           | Web:      www.OpenFOAM.org                      |
|    \\/     M anipulation  |                                                 |
\*---------------------------------------------------------------------------*/
FoamFile
{
    version     2.0;
    format      ascii;
    class       volScalarField;
    location    "0";
    object      thickness;
}
// * * * * * * * * * * * * * * * * * * * * * * * * * * * * * * * * * * * * * //

dimensions      [0 0 0 0 0 0 0];

internalField   uniform 0;

boundaryField
{
    inlet
    {
        type            fixedValue;
        value           uniform 0;
    }
    outlet
    {
        type            fixedValue;
        value           uniform 0;
    }
    walls
    {
        type            fixedValue;
        value           uniform 0;
    }
    front
    {
        type            empty;
    }
    back
    {
        type            empty;
    }
    cylinder1
    {
        type            fixedValue;
        value           nonuniform List<scalar> 
1280
(
0.015975
0.015975
0.015975
0.015975
0.015975
0.015975
0.015975
0.015975
0.015975
0.015975
0.015975
0.015975
0.015975
0.015975
0.015975
0.015975
0.015975
0.015975
0.015975
0.015975
0.015975
0.015975
0.015975
0.015975
0.015975
0.015975
0.015975
0.015975
0.015975
0.015975
0.015975
0.015975
0.015975
0.015975
0.015975
0.015975
0.015975
0.015975
0.015975
0.015975
0.015975
0.015975
0.015975
0.015975
0.015975
0.015975
0.015975
0.015975
0.015975
0.015975
0.015975
0.015975
0.015975
0.015975
0.015975
0.015975
0.015975
0.015975
0.015975
0.015975
0.015975
0.015975
0.015975
0.015975
0.015975
0.015975
0.015975
0.015975
0.015975
0.015975
0.015975
0.015975
0.015975
0.015975
0.015975
0.015975
0.015975
0.015975
0.015975
0.015975
0.015975
0.015975
0.015975
0.015975
0.015975
0.015975
0.015975
0.015975
0.015975
0.015975
0.015975
0.015975
0.015975
0.015975
0.015975
0.015975
0.015975
0.015975
0.015975
0.015975
0.015975
0.015975
0.015975
0.015975
0.015975
0.015975
0.015975
0.015975
0.015975
0.015975
0.015975
0.015975
0.015975
0.015975
0.015975
0.015975
0.015975
0.015975
0.015975
0.015975
0.015975
0.015975
0.015975
0.015975
0.015975
0.015975
0.015975
0.015975
0.015975
0.015975
0.015975
0.015975
0.015975
0.015975
0.015975
0.015975
0.015975
0.015975
0.015975
0.015975
0.015975
0.015975
0.015975
0.015975
0.015975
0.015975
0.015975
0.015975
0.015975
0.015975
0.015975
0.015975
0.015975
0.015975
0.015975
0.015975
0.015975
0.015975
0.015975
0.015975
0.015975
0.015975
0.015975
0.015975
0.015975
0.015975
0.015975
0.015975
0.015975
0.015975
0.015975
0.015975
0.015975
0.015975
0.015975
0.015975
0.015975
0.015975
0.015975
0.015975
0.015975
0.015975
0.015975
0.015975
0.015975
0.015975
0.015975
0.015975
0.015975
0.015975
0.015975
0.015975
0.015975
0.015975
0.015975
0.015975
0.015975
0.015975
0.015975
0.015975
0.015975
0.015975
0.015975
0.015975
0.015975
0.015975
0.015975
0.015975
0.015975
0.015975
0.015975
0.015975
0.015975
0.015975
0.015975
0.015975
0.015975
0.015975
0.015975
0.015975
0.015975
0.015975
0.015975
0.015975
0.015975
0.015975
0.015975
0.015975
0.015975
0.015975
0.015975
0.015975
0.015975
0.015975
0.015975
0.015975
0.015975
0.015975
0.015975
0.015975
0.015975
0.015975
0.015975
0.015975
0.015975
0.015975
0.015975
0.015975
0.015975
0.015975
0.015975
0.015975
0.015975
0.015975
0.015975
0.015975
0.015975
0.015975
0.015975
0.015975
0.015975
0.015975
0.015975
0.015975
0.015975
0.015975
0.015975
0.015975
0.015975
0.015975
0.015975
0.015975
0.015975
0.015975
0.015975
0.015975
0.015975
0.015975
0.015975
0.015975
0.015975
0.015975
0.015975
0.015975
0.015975
0.015975
0.015975
0.015975
0.015975
0.015975
0.015975
0.015975
0.015975
0.015975
0.015975
0.015975
0.015975
0.015975
0.015975
0.015975
0.015975
0.015975
0.015975
0.015975
0.015975
0.015975
0.015975
0.015975
0.015975
0.015975
0.015975
0.015975
0.015975
0.015975
0.015975
0.015975
0.015975
0.015975
0.015975
0.015975
0.015975
0.015975
0.015975
0.015975
0.015975
0.015975
0.015975
0.015975
0.015975
0.015975
0.015975
0.015975
0.015975
0.015975
0.015975
0.015975
0.015975
0.015975
0.015975
0.015975
0.015975
0.015975
0.015975
0.015975
0.015975
0.015975
0.015975
0.015975
0.015975
0.015975
0.015975
0.015975
0.015975
0.015975
0.015975
0.015975
0.015975
0.015975
0.015975
0.015975
0.015975
0.015975
0.015975
0.015975
0.015975
0.015975
0.015975
0.015975
0.015975
0.015975
0.015975
0.015975
0.015975
0.015975
0.015975
0.015975
0.015975
0.015975
0.015975
0.015975
0.015975
0.015975
0.015975
0.015975
0.015975
0.015975
0.015975
0.015975
0.015975
0.015975
0.015975
0.015975
0.015975
0.015975
0.015975
0.015975
0.015975
0.015975
0.015975
0.015975
0.015975
0.015975
0.015975
0.015975
0.015975
0.015975
0.015975
0.015975
0.015975
0.015975
0.015975
0.015975
0.015975
0.015975
0.015975
0.015975
0.015975
0.015975
0.015975
0.015975
0.015975
0.015975
0.015975
0.015975
0.015975
0.015975
0.015975
0.015975
0.015975
0.015975
0.015975
0.015975
0.015975
0.015975
0.015975
0.015975
0.015975
0.015975
0.015975
0.015975
0.015975
0.015975
0.015975
0.015975
0.015975
0.015975
0.015975
0.015975
0.015975
0.015975
0.015975
0.015975
0.015975
0.015975
0.015975
0.015975
0.015975
0.015975
0.015975
0.015975
0.015975
0.015975
0.015975
0.015975
0.015975
0.015975
0.015975
0.015975
0.015975
0.015975
0.015975
0.015975
0.015975
0.015975
0.015975
0.015975
0.015975
0.015975
0.015975
0.015975
0.015975
0.015975
0.015975
0.015975
0.015975
0.015975
0.015975
0.015975
0.015975
0.015975
0.015975
0.015975
0.015975
0.015975
0.015975
0.015975
0.015975
0.015975
0.015975
0.015975
0.015975
0.015975
0.015975
0.015975
0.015975
0.015975
0.015975
0.015975
0.015975
0.015975
0.015975
0.015975
0.015975
0.015975
0.015975
0.015975
0.015975
0.015975
0.015975
0.015975
0.015975
0.015975
0.015975
0.015975
0.015975
0.015975
0.015975
0.015975
0.015975
0.015975
0.015975
0.015975
0.015975
0.015975
0.015975
0.015975
0.015975
0.015975
0.015975
0.015975
0.015975
0.015975
0.015975
0.015975
0.015975
0.015975
0.015975
0.015975
0.015975
0.015975
0.015975
0.015975
0.015975
0.015975
0.015975
0.015975
0.015975
0.015975
0.015975
0.015975
0.015975
0.015975
0.015975
0.015975
0.015975
0.015975
0.015975
0.015975
0.015975
0.015975
0.015975
0.015975
0.015975
0.015975
0.015975
0.015975
0.015975
0.015975
0.015975
0.015975
0.015975
0.015975
0.015975
0.015975
0.015975
0.015975
0.015975
0.015975
0.015975
0.015975
0.015975
0.015975
0.015975
0.015975
0.015975
0.015975
0.015975
0.015975
0.015975
0.015975
0.015975
0.015975
0.015975
0.015975
0.015975
0.015975
0.015975
0.015975
0.015975
0.015975
0.015975
0.015975
0.015975
0.015975
0.015975
0.015975
0.015975
0.015975
0.015975
0.015975
0.015975
0.015975
0.015975
0.015975
0.015975
0.015975
0.015975
0.015975
0.015975
0.015975
0.015975
0.015975
0.015975
0.015975
0.015975
0.015975
0.015975
0.015975
0.015975
0.015975
0.015975
0.015975
0.015975
0.015975
0.015975
0.015975
0.015975
0.015975
0.015975
0.015975
0.015975
0.015975
0.015975
0.015975
0.015975
0.015975
0.015975
0.015975
0.015975
0.015975
0.015975
0.015975
0.015975
0.015975
0.015975
0.015975
0.015975
0.015975
0.015975
0.015975
0.015975
0.015975
0.015975
0.015975
0.015975
0.015975
0.015975
0.015975
0.015975
0.015975
0.015975
0.015975
0.015975
0.015975
0.015975
0.015975
0.015975
0.015975
0.015975
0.015975
0.015975
0.015975
0.015975
0.015975
0.015975
0.015975
0.015975
0.015975
0.015975
0.015975
0.015975
0.015975
0.015975
0.015975
0.015975
0.015975
0.015975
0.015975
0.015975
0.015975
0.015975
0.015975
0.015975
0.015975
0.015975
0.015975
0.015975
0.015975
0.015975
0.015975
0.015975
0.015975
0.015975
0.015975
0.015975
0.015975
0.015975
0.015975
0.015975
0.015975
0.015975
0.015975
0.015975
0.015975
0.015975
0.015975
0.015975
0.015975
0.015975
0.015975
0.015975
0.015975
0.015975
0.015975
0.015975
0.015975
0.015975
0.015975
0.015975
0.015975
0.015975
0.015975
0.015975
0.015975
0.015975
0.015975
0.015975
0.015975
0.015975
0.015975
0.015975
0.015975
0.015975
0.015975
0.015975
0.015975
0.015975
0.015975
0.015975
0.015975
0.015975
0.015975
0.015975
0.015975
0.015975
0.015975
0.015975
0.015975
0.015975
0.015975
0.015975
0.015975
0.015975
0.015975
0.015975
0.015975
0.015975
0.015975
0.015975
0.015975
0.015975
0.015975
0.015975
0.015975
0.015975
0.015975
0.015975
0.015975
0.015975
0.015975
0.015975
0.015975
0.015975
0.015975
0.015975
0.015975
0.015975
0.015975
0.015975
0.015975
0.015975
0.015975
0.015975
0.015975
0.015975
0.015975
0.015975
0.015975
0.015975
0.015975
0.015975
0.015975
0.015975
0.015975
0.015975
0.015975
0.015975
0.015975
0.015975
0.015975
0.015975
0.015975
0.015975
0.015975
0.015975
0.015975
0.015975
0.015975
0.015975
0.015975
0.015975
0.015975
0.015975
0.015975
0.015975
0.015975
0.015975
0.015975
0.015975
0.015975
0.015975
0.015975
0.015975
0.015975
0.015975
0.015975
0.015975
0.015975
0.015975
0.015975
0.015975
0.015975
0.015975
0.015975
0.015975
0.015975
0.015975
0.015975
0.015975
0.015975
0.015975
0.015975
0.015975
0.015975
0.015975
0.015975
0.015975
0.015975
0.015975
0.015975
0.015975
0.015975
0.015975
0.015975
0.015975
0.015975
0.015975
0.015975
0.015975
0.015975
0.015975
0.015975
0.015975
0.015975
0.015975
0.015975
0.015975
0.015975
0.015975
0.015975
0.015975
0.015975
0.015975
0.015975
0.015975
0.015975
0.015975
0.015975
0.015975
0.015975
0.015975
0.015975
0.015975
0.015975
0.015975
0.015975
0.015975
0.015975
0.015975
0.015975
0.015975
0.015975
0.015975
0.015975
0.015975
0.015975
0.015975
0.015975
0.015975
0.015975
0.015975
0.015975
0.015975
0.015975
0.015975
0.015975
0.015975
0.015975
0.015975
0.015975
0.015975
0.015975
0.015975
0.015975
0.015975
0.015975
0.015975
0.015975
0.015975
0.015975
0.015975
0.015975
0.015975
0.015975
0.015975
0.015975
0.015975
0.015975
0.015975
0.015975
0.015975
0.015975
0.015975
0.015975
0.015975
0.015975
0.015975
0.015975
0.015975
0.015975
0.015975
0.015975
0.015975
0.015975
0.015975
0.015975
0.015975
0.015975
0.015975
0.015975
0.015975
0.015975
0.015975
0.015975
0.015975
0.015975
0.015975
0.015975
0.015975
0.015975
0.015975
0.015975
0.015975
0.015975
0.015975
0.015975
0.015975
0.015975
0.015975
0.015975
0.015975
0.015975
0.015975
0.015975
0.015975
0.015975
0.015975
0.015975
0.015975
0.015975
0.015975
0.015975
0.015975
0.015975
0.015975
0.015975
0.015975
0.015975
0.015975
0.015975
0.015975
0.015975
0.015975
0.015975
0.015975
0.015975
0.015975
0.015975
0.015975
0.015975
0.015975
0.015975
0.015975
0.015975
0.015975
0.015975
0.015975
0.015975
0.015975
0.015975
0.015975
0.015975
0.015975
0.015975
0.015975
0.015975
0.015975
0.015975
0.015975
0.015975
0.015975
0.015975
0.015975
0.015975
0.015975
0.015975
0.015975
0.015975
0.015975
0.015975
0.015975
0.015975
0.015975
0.015975
0.015975
0.015975
0.015975
0.015975
0.015975
0.015975
0.015975
0.015975
0.015975
0.015975
0.015975
0.015975
0.015975
0.015975
0.015975
0.015975
0.015975
0.015975
0.015975
0.015975
0.015975
0.015975
0.015975
0.015975
0.015975
0.015975
0.015975
0.015975
0.015975
0.015975
0.015975
0.015975
0.015975
0.015975
0.015975
0.015975
0.015975
0.015975
0.015975
0.015975
0.015975
0.015975
0.015975
0.015975
0.015975
0.015975
0.015975
0.015975
0.015975
0.015975
0.015975
0.015975
0.015975
0.015975
0.015975
0.015975
0.015975
0.015975
0.015975
0.015975
0.015975
0.015975
0.015975
0.015975
0.015975
0.015975
0.015975
0.015975
0.015975
0.015975
0.015975
0.015975
0.015975
0.015975
0.015975
0.015975
0.015975
0.015975
0.015975
0.015975
0.015975
0.015975
0.015975
0.015975
0.015975
0.015975
0.015975
0.015975
0.015975
0.015975
0.015975
0.015975
0.015975
0.015975
0.015975
0.015975
0.015975
0.015975
0.015975
0.015975
0.015975
0.015975
0.015975
0.015975
0.015975
0.015975
0.015975
0.015975
0.015975
0.015975
0.015975
0.015975
0.015975
0.015975
0.015975
0.015975
0.015975
0.015975
0.015975
0.015975
0.015975
0.015975
0.015975
0.015975
0.015975
0.015975
0.015975
0.015975
0.015975
0.015975
0.015975
0.015975
0.015975
0.015975
0.015975
0.015975
0.015975
0.015975
0.015975
0.015975
0.015975
0.015975
0.015975
0.015975
0.015975
0.015975
0.015975
0.015975
0.015975
0.015975
0.015975
0.015975
0.015975
0.015975
0.015975
0.015975
0.015975
0.015975
0.015975
0.015975
0.015975
0.015975
0.015975
0.015975
0.015975
0.015975
0.015975
0.015975
0.015975
0.015975
0.015975
0.015975
0.015975
0.015975
0.015975
0.015975
0.015975
0.015975
0.015975
0.015975
0.015975
0.015975
0.015975
0.015975
0.015975
0.015975
0.015975
0.015975
0.015975
0.015975
0.015975
0.015975
0.015975
0.015975
0.015975
0.015975
0.015975
0.015975
0.015975
0.015975
0.015975
0.015975
0.015975
0.015975
0.015975
0.015975
0.015975
0.015975
0.015975
0.015975
0.015975
0.015975
0.015975
0.015975
0.015975
0.015975
)
;
    }
}


// ************************************************************************* //
