/*--------------------------------*- C++ -*----------------------------------*\
| =========                 |                                                 |
| \\      /  F ield         | OpenFOAM: The Open Source CFD Toolbox           |
|  \\    /   O peration     | Version:  4.1                                   |
|   \\  /    A nd           | Web:      www.OpenFOAM.org                      |
|    \\/     M anipulation  |                                                 |
\*---------------------------------------------------------------------------*/
FoamFile
{
    version     2.0;
    format      ascii;
    class       cellSet;
    location    "constant/polyMesh/sets";
    object      addedCells;
}
// * * * * * * * * * * * * * * * * * * * * * * * * * * * * * * * * * * * * * //


3840
(
49152 
49153 
49154 
49155 
49156 
49157 
49158 
49159 
49160 
49161 
49162 
49163 
49164 
49165 
49166 
49167 
49168 
49169 
49170 
49171 
49172 
49173 
49174 
49175 
49176 
49177 
49178 
49179 
49180 
49181 
49182 
49183 
49184 
49185 
49186 
49187 
49188 
49189 
49190 
49191 
49192 
49193 
49194 
49195 
49196 
49197 
49198 
49199 
49200 
49201 
49202 
49203 
49204 
49205 
49206 
49207 
49208 
49209 
49210 
49211 
49212 
49213 
49214 
49215 
49216 
49217 
49218 
49219 
49220 
49221 
49222 
49223 
49224 
49225 
49226 
49227 
49228 
49229 
49230 
49231 
49232 
49233 
49234 
49235 
49236 
49237 
49238 
49239 
49240 
49241 
49242 
49243 
49244 
49245 
49246 
49247 
49248 
49249 
49250 
49251 
49252 
49253 
49254 
49255 
49256 
49257 
49258 
49259 
49260 
49261 
49262 
49263 
49264 
49265 
49266 
49267 
49268 
49269 
49270 
49271 
49272 
49273 
49274 
49275 
49276 
49277 
49278 
49279 
49280 
49281 
49282 
49283 
49284 
49285 
49286 
49287 
49288 
49289 
49290 
49291 
49292 
49293 
49294 
49295 
49296 
49297 
49298 
49299 
49300 
49301 
49302 
49303 
49304 
49305 
49306 
49307 
49308 
49309 
49310 
49311 
49312 
49313 
49314 
49315 
49316 
49317 
49318 
49319 
49320 
49321 
49322 
49323 
49324 
49325 
49326 
49327 
49328 
49329 
49330 
49331 
49332 
49333 
49334 
49335 
49336 
49337 
49338 
49339 
49340 
49341 
49342 
49343 
49344 
49345 
49346 
49347 
49348 
49349 
49350 
49351 
49352 
49353 
49354 
49355 
49356 
49357 
49358 
49359 
49360 
49361 
49362 
49363 
49364 
49365 
49366 
49367 
49368 
49369 
49370 
49371 
49372 
49373 
49374 
49375 
49376 
49377 
49378 
49379 
49380 
49381 
49382 
49383 
49384 
49385 
49386 
49387 
49388 
49389 
49390 
49391 
49392 
49393 
49394 
49395 
49396 
49397 
49398 
49399 
49400 
49401 
49402 
49403 
49404 
49405 
49406 
49407 
49408 
49409 
49410 
49411 
49412 
49413 
49414 
49415 
49416 
49417 
49418 
49419 
49420 
49421 
49422 
49423 
49424 
49425 
49426 
49427 
49428 
49429 
49430 
49431 
49432 
49433 
49434 
49435 
49436 
49437 
49438 
49439 
49440 
49441 
49442 
49443 
49444 
49445 
49446 
49447 
49448 
49449 
49450 
49451 
49452 
49453 
49454 
49455 
49456 
49457 
49458 
49459 
49460 
49461 
49462 
49463 
49464 
49465 
49466 
49467 
49468 
49469 
49470 
49471 
49472 
49473 
49474 
49475 
49476 
49477 
49478 
49479 
49480 
49481 
49482 
49483 
49484 
49485 
49486 
49487 
49488 
49489 
49490 
49491 
49492 
49493 
49494 
49495 
49496 
49497 
49498 
49499 
49500 
49501 
49502 
49503 
49504 
49505 
49506 
49507 
49508 
49509 
49510 
49511 
49512 
49513 
49514 
49515 
49516 
49517 
49518 
49519 
49520 
49521 
49522 
49523 
49524 
49525 
49526 
49527 
49528 
49529 
49530 
49531 
49532 
49533 
49534 
49535 
49536 
49537 
49538 
49539 
49540 
49541 
49542 
49543 
49544 
49545 
49546 
49547 
49548 
49549 
49550 
49551 
49552 
49553 
49554 
49555 
49556 
49557 
49558 
49559 
49560 
49561 
49562 
49563 
49564 
49565 
49566 
49567 
49568 
49569 
49570 
49571 
49572 
49573 
49574 
49575 
49576 
49577 
49578 
49579 
49580 
49581 
49582 
49583 
49584 
49585 
49586 
49587 
49588 
49589 
49590 
49591 
49592 
49593 
49594 
49595 
49596 
49597 
49598 
49599 
49600 
49601 
49602 
49603 
49604 
49605 
49606 
49607 
49608 
49609 
49610 
49611 
49612 
49613 
49614 
49615 
49616 
49617 
49618 
49619 
49620 
49621 
49622 
49623 
49624 
49625 
49626 
49627 
49628 
49629 
49630 
49631 
49632 
49633 
49634 
49635 
49636 
49637 
49638 
49639 
49640 
49641 
49642 
49643 
49644 
49645 
49646 
49647 
49648 
49649 
49650 
49651 
49652 
49653 
49654 
49655 
49656 
49657 
49658 
49659 
49660 
49661 
49662 
49663 
49664 
49665 
49666 
49667 
49668 
49669 
49670 
49671 
49672 
49673 
49674 
49675 
49676 
49677 
49678 
49679 
49680 
49681 
49682 
49683 
49684 
49685 
49686 
49687 
49688 
49689 
49690 
49691 
49692 
49693 
49694 
49695 
49696 
49697 
49698 
49699 
49700 
49701 
49702 
49703 
49704 
49705 
49706 
49707 
49708 
49709 
49710 
49711 
49712 
49713 
49714 
49715 
49716 
49717 
49718 
49719 
49720 
49721 
49722 
49723 
49724 
49725 
49726 
49727 
49728 
49729 
49730 
49731 
49732 
49733 
49734 
49735 
49736 
49737 
49738 
49739 
49740 
49741 
49742 
49743 
49744 
49745 
49746 
49747 
49748 
49749 
49750 
49751 
49752 
49753 
49754 
49755 
49756 
49757 
49758 
49759 
49760 
49761 
49762 
49763 
49764 
49765 
49766 
49767 
49768 
49769 
49770 
49771 
49772 
49773 
49774 
49775 
49776 
49777 
49778 
49779 
49780 
49781 
49782 
49783 
49784 
49785 
49786 
49787 
49788 
49789 
49790 
49791 
49792 
49793 
49794 
49795 
49796 
49797 
49798 
49799 
49800 
49801 
49802 
49803 
49804 
49805 
49806 
49807 
49808 
49809 
49810 
49811 
49812 
49813 
49814 
49815 
49816 
49817 
49818 
49819 
49820 
49821 
49822 
49823 
49824 
49825 
49826 
49827 
49828 
49829 
49830 
49831 
49832 
49833 
49834 
49835 
49836 
49837 
49838 
49839 
49840 
49841 
49842 
49843 
49844 
49845 
49846 
49847 
49848 
49849 
49850 
49851 
49852 
49853 
49854 
49855 
49856 
49857 
49858 
49859 
49860 
49861 
49862 
49863 
49864 
49865 
49866 
49867 
49868 
49869 
49870 
49871 
49872 
49873 
49874 
49875 
49876 
49877 
49878 
49879 
49880 
49881 
49882 
49883 
49884 
49885 
49886 
49887 
49888 
49889 
49890 
49891 
49892 
49893 
49894 
49895 
49896 
49897 
49898 
49899 
49900 
49901 
49902 
49903 
49904 
49905 
49906 
49907 
49908 
49909 
49910 
49911 
49912 
49913 
49914 
49915 
49916 
49917 
49918 
49919 
49920 
49921 
49922 
49923 
49924 
49925 
49926 
49927 
49928 
49929 
49930 
49931 
49932 
49933 
49934 
49935 
49936 
49937 
49938 
49939 
49940 
49941 
49942 
49943 
49944 
49945 
49946 
49947 
49948 
49949 
49950 
49951 
49952 
49953 
49954 
49955 
49956 
49957 
49958 
49959 
49960 
49961 
49962 
49963 
49964 
49965 
49966 
49967 
49968 
49969 
49970 
49971 
49972 
49973 
49974 
49975 
49976 
49977 
49978 
49979 
49980 
49981 
49982 
49983 
49984 
49985 
49986 
49987 
49988 
49989 
49990 
49991 
49992 
49993 
49994 
49995 
49996 
49997 
49998 
49999 
50000 
50001 
50002 
50003 
50004 
50005 
50006 
50007 
50008 
50009 
50010 
50011 
50012 
50013 
50014 
50015 
50016 
50017 
50018 
50019 
50020 
50021 
50022 
50023 
50024 
50025 
50026 
50027 
50028 
50029 
50030 
50031 
50032 
50033 
50034 
50035 
50036 
50037 
50038 
50039 
50040 
50041 
50042 
50043 
50044 
50045 
50046 
50047 
50048 
50049 
50050 
50051 
50052 
50053 
50054 
50055 
50056 
50057 
50058 
50059 
50060 
50061 
50062 
50063 
50064 
50065 
50066 
50067 
50068 
50069 
50070 
50071 
50072 
50073 
50074 
50075 
50076 
50077 
50078 
50079 
50080 
50081 
50082 
50083 
50084 
50085 
50086 
50087 
50088 
50089 
50090 
50091 
50092 
50093 
50094 
50095 
50096 
50097 
50098 
50099 
50100 
50101 
50102 
50103 
50104 
50105 
50106 
50107 
50108 
50109 
50110 
50111 
50112 
50113 
50114 
50115 
50116 
50117 
50118 
50119 
50120 
50121 
50122 
50123 
50124 
50125 
50126 
50127 
50128 
50129 
50130 
50131 
50132 
50133 
50134 
50135 
50136 
50137 
50138 
50139 
50140 
50141 
50142 
50143 
50144 
50145 
50146 
50147 
50148 
50149 
50150 
50151 
50152 
50153 
50154 
50155 
50156 
50157 
50158 
50159 
50160 
50161 
50162 
50163 
50164 
50165 
50166 
50167 
50168 
50169 
50170 
50171 
50172 
50173 
50174 
50175 
50176 
50177 
50178 
50179 
50180 
50181 
50182 
50183 
50184 
50185 
50186 
50187 
50188 
50189 
50190 
50191 
50192 
50193 
50194 
50195 
50196 
50197 
50198 
50199 
50200 
50201 
50202 
50203 
50204 
50205 
50206 
50207 
50208 
50209 
50210 
50211 
50212 
50213 
50214 
50215 
50216 
50217 
50218 
50219 
50220 
50221 
50222 
50223 
50224 
50225 
50226 
50227 
50228 
50229 
50230 
50231 
50232 
50233 
50234 
50235 
50236 
50237 
50238 
50239 
50240 
50241 
50242 
50243 
50244 
50245 
50246 
50247 
50248 
50249 
50250 
50251 
50252 
50253 
50254 
50255 
50256 
50257 
50258 
50259 
50260 
50261 
50262 
50263 
50264 
50265 
50266 
50267 
50268 
50269 
50270 
50271 
50272 
50273 
50274 
50275 
50276 
50277 
50278 
50279 
50280 
50281 
50282 
50283 
50284 
50285 
50286 
50287 
50288 
50289 
50290 
50291 
50292 
50293 
50294 
50295 
50296 
50297 
50298 
50299 
50300 
50301 
50302 
50303 
50304 
50305 
50306 
50307 
50308 
50309 
50310 
50311 
50312 
50313 
50314 
50315 
50316 
50317 
50318 
50319 
50320 
50321 
50322 
50323 
50324 
50325 
50326 
50327 
50328 
50329 
50330 
50331 
50332 
50333 
50334 
50335 
50336 
50337 
50338 
50339 
50340 
50341 
50342 
50343 
50344 
50345 
50346 
50347 
50348 
50349 
50350 
50351 
50352 
50353 
50354 
50355 
50356 
50357 
50358 
50359 
50360 
50361 
50362 
50363 
50364 
50365 
50366 
50367 
50368 
50369 
50370 
50371 
50372 
50373 
50374 
50375 
50376 
50377 
50378 
50379 
50380 
50381 
50382 
50383 
50384 
50385 
50386 
50387 
50388 
50389 
50390 
50391 
50392 
50393 
50394 
50395 
50396 
50397 
50398 
50399 
50400 
50401 
50402 
50403 
50404 
50405 
50406 
50407 
50408 
50409 
50410 
50411 
50412 
50413 
50414 
50415 
50416 
50417 
50418 
50419 
50420 
50421 
50422 
50423 
50424 
50425 
50426 
50427 
50428 
50429 
50430 
50431 
50432 
50433 
50434 
50435 
50436 
50437 
50438 
50439 
50440 
50441 
50442 
50443 
50444 
50445 
50446 
50447 
50448 
50449 
50450 
50451 
50452 
50453 
50454 
50455 
50456 
50457 
50458 
50459 
50460 
50461 
50462 
50463 
50464 
50465 
50466 
50467 
50468 
50469 
50470 
50471 
50472 
50473 
50474 
50475 
50476 
50477 
50478 
50479 
50480 
50481 
50482 
50483 
50484 
50485 
50486 
50487 
46648 
46649 
46650 
46651 
46652 
46653 
46654 
46655 
46656 
46657 
46658 
46659 
46660 
46661 
46662 
46663 
46664 
46665 
46666 
46667 
46668 
46669 
46670 
46671 
46672 
46673 
46674 
46675 
46676 
46677 
46678 
46679 
46680 
46681 
46682 
46683 
46684 
46685 
46686 
46687 
46688 
46689 
46690 
46691 
46692 
46693 
46694 
46695 
46696 
46697 
46698 
46699 
46700 
46701 
46702 
46703 
46704 
46705 
46706 
46707 
46708 
46709 
46710 
46711 
46712 
46713 
46714 
46715 
46716 
46717 
46718 
46719 
46720 
46721 
46722 
46723 
46724 
46725 
46726 
46727 
46728 
46729 
46730 
46731 
46732 
46733 
46734 
46735 
46736 
46737 
46738 
46739 
46740 
46741 
46742 
46743 
46744 
46745 
46746 
46747 
46748 
46749 
46750 
46751 
46752 
46753 
46754 
46755 
46756 
46757 
46758 
46759 
46760 
46761 
46762 
46763 
46764 
46765 
46766 
46767 
46768 
46769 
46770 
46771 
46772 
46773 
46774 
46775 
46776 
46777 
46778 
46779 
46780 
46781 
46782 
46783 
46784 
46785 
46786 
46787 
46788 
46789 
46790 
46791 
46792 
46793 
46794 
46795 
46796 
46797 
46798 
46799 
46800 
46801 
46802 
46803 
46804 
46805 
46806 
46807 
46808 
46809 
46810 
46811 
46812 
46813 
46814 
46815 
46816 
46817 
46818 
46819 
46820 
46821 
46822 
46823 
46824 
46825 
46826 
46827 
46828 
46829 
46830 
46831 
46832 
46833 
46834 
46835 
46836 
46837 
46838 
46839 
46840 
46841 
46842 
46843 
46844 
46845 
46846 
46847 
46848 
46849 
46850 
46851 
46852 
46853 
46854 
46855 
46856 
46857 
46858 
46859 
46860 
46861 
46862 
46863 
46864 
46865 
46866 
46867 
46868 
46869 
46870 
46871 
46872 
46873 
46874 
46875 
46876 
46877 
46878 
46879 
46880 
46881 
46882 
46883 
46884 
46885 
46886 
46887 
46888 
46889 
46890 
46891 
46892 
46893 
46894 
46895 
46896 
46897 
46898 
46899 
46900 
46901 
46902 
46903 
46904 
46905 
46906 
46907 
46908 
46909 
46910 
46911 
46912 
46913 
46914 
46915 
46916 
46917 
46918 
46919 
46920 
46921 
46922 
46923 
46924 
46925 
46926 
46927 
46928 
46929 
46930 
46931 
46932 
46933 
46934 
46935 
46936 
46937 
46938 
46939 
46940 
46941 
46942 
46943 
46944 
46945 
46946 
46947 
46948 
46949 
46950 
46951 
46952 
46953 
46954 
46955 
46956 
46957 
46958 
46959 
46960 
46961 
46962 
46963 
46964 
46965 
46966 
46967 
46968 
46969 
46970 
46971 
46972 
46973 
46974 
46975 
46976 
46977 
46978 
46979 
46980 
46981 
46982 
46983 
46984 
46985 
46986 
46987 
46988 
46989 
46990 
46991 
46992 
46993 
46994 
46995 
46996 
46997 
46998 
46999 
47000 
47001 
47002 
47003 
47004 
47005 
47006 
47007 
47008 
47009 
47010 
47011 
47012 
47013 
47014 
47015 
47016 
47017 
47018 
47019 
47020 
47021 
47022 
47023 
47024 
47025 
47026 
47027 
47028 
47029 
47030 
47031 
47032 
47033 
47034 
47035 
47036 
47037 
47038 
47039 
47040 
47041 
47042 
47043 
47044 
47045 
47046 
47047 
47048 
47049 
47050 
47051 
47052 
47053 
47054 
47055 
47056 
47057 
47058 
47059 
47060 
47061 
47062 
47063 
47064 
47065 
47066 
47067 
47068 
47069 
47070 
47071 
47072 
47073 
47074 
47075 
47076 
47077 
47078 
47079 
47080 
47081 
47082 
47083 
47084 
47085 
47086 
47087 
47088 
47089 
47090 
47091 
47092 
47093 
47094 
47095 
47096 
47097 
47098 
47099 
47100 
47101 
47102 
47103 
47104 
47105 
47106 
47107 
47108 
47109 
47110 
47111 
47112 
47113 
47114 
47115 
47116 
47117 
47118 
47119 
47120 
47121 
47122 
47123 
47124 
47125 
47126 
47127 
47128 
47129 
47130 
47131 
47132 
47133 
47134 
47135 
47136 
47137 
47138 
47139 
47140 
47141 
47142 
47143 
47144 
47145 
47146 
47147 
47148 
47149 
47150 
47151 
47152 
47153 
47154 
47155 
47156 
47157 
47158 
47159 
47160 
47161 
47162 
47163 
47164 
47165 
47166 
47167 
47168 
47169 
47170 
47171 
47172 
47173 
47174 
47175 
47176 
47177 
47178 
47179 
47180 
47181 
47182 
47183 
47184 
47185 
47186 
47187 
47188 
47189 
47190 
47191 
47192 
47193 
47194 
47195 
47196 
47197 
47198 
47199 
47200 
47201 
47202 
47203 
47204 
47205 
47206 
47207 
47208 
47209 
47210 
47211 
47212 
47213 
47214 
47215 
47216 
47217 
47218 
47219 
47220 
47221 
47222 
47223 
47224 
47225 
47226 
47227 
47228 
47229 
47230 
47231 
47232 
47233 
47234 
47235 
47236 
47237 
47238 
47239 
47240 
47241 
47242 
47243 
47244 
47245 
47246 
47247 
47248 
47249 
47250 
47251 
47252 
47253 
47254 
47255 
47256 
47257 
47258 
47259 
47260 
47261 
47262 
47263 
47264 
47265 
47266 
47267 
47268 
47269 
47270 
47271 
47272 
47273 
47274 
47275 
47276 
47277 
47278 
47279 
47280 
47281 
47282 
47283 
47284 
47285 
47286 
47287 
47288 
47289 
47290 
47291 
47292 
47293 
47294 
47295 
47296 
47297 
47298 
47299 
47300 
47301 
47302 
47303 
47304 
47305 
47306 
47307 
47308 
47309 
47310 
47311 
47312 
47313 
47314 
47315 
47316 
47317 
47318 
47319 
47320 
47321 
47322 
47323 
47324 
47325 
47326 
47327 
47328 
47329 
47330 
47331 
47332 
47333 
47334 
47335 
47336 
47337 
47338 
47339 
47340 
47341 
47342 
47343 
47344 
47345 
47346 
47347 
47348 
47349 
47350 
47351 
47352 
47353 
47354 
47355 
47356 
47357 
47358 
47359 
47360 
47361 
47362 
47363 
47364 
47365 
47366 
47367 
47368 
47369 
47370 
47371 
47372 
47373 
47374 
47375 
47376 
47377 
47378 
47379 
47380 
47381 
47382 
47383 
47384 
47385 
47386 
47387 
47388 
47389 
47390 
47391 
47392 
47393 
47394 
47395 
47396 
47397 
47398 
47399 
47400 
47401 
47402 
47403 
47404 
47405 
47406 
47407 
47408 
47409 
47410 
47411 
47412 
47413 
47414 
47415 
47416 
47417 
47418 
47419 
47420 
47421 
47422 
47423 
47424 
47425 
47426 
47427 
47428 
47429 
47430 
47431 
47432 
47433 
47434 
47435 
47436 
47437 
47438 
47439 
47440 
47441 
47442 
47443 
47444 
47445 
47446 
47447 
47448 
47449 
47450 
47451 
47452 
47453 
47454 
47455 
47456 
47457 
47458 
47459 
47460 
47461 
47462 
47463 
47464 
47465 
47466 
47467 
47468 
47469 
47470 
47471 
47472 
47473 
47474 
47475 
47476 
47477 
47478 
47479 
47480 
47481 
47482 
47483 
47484 
47485 
47486 
47487 
47488 
47489 
47490 
47491 
47492 
47493 
47494 
47495 
47496 
47497 
47498 
47499 
47500 
47501 
47502 
47503 
47504 
47505 
47506 
47507 
47508 
47509 
47510 
47511 
47512 
47513 
47514 
47515 
47516 
47517 
47518 
47519 
47520 
47521 
47522 
47523 
47524 
47525 
47526 
47527 
47528 
47529 
47530 
47531 
47532 
47533 
47534 
47535 
47536 
47537 
47538 
47539 
47540 
47541 
47542 
47543 
47544 
47545 
47546 
47547 
47548 
47549 
47550 
47551 
47552 
47553 
47554 
47555 
47556 
47557 
47558 
47559 
47560 
47561 
47562 
47563 
47564 
47565 
47566 
47567 
47568 
47569 
47570 
47571 
47572 
47573 
47574 
47575 
47576 
47577 
47578 
47579 
47580 
47581 
47582 
47583 
47584 
47585 
47586 
47587 
47588 
47589 
47590 
47591 
47592 
47593 
47594 
47595 
47596 
47597 
47598 
47599 
47600 
47601 
47602 
47603 
47604 
47605 
47606 
47607 
47608 
47609 
47610 
47611 
47612 
47613 
47614 
47615 
47616 
47617 
47618 
47619 
47620 
47621 
47622 
47623 
47624 
47625 
47626 
47627 
47628 
47629 
47630 
47631 
47632 
47633 
47634 
47635 
47636 
47637 
47638 
47639 
47640 
47641 
47642 
47643 
47644 
47645 
47646 
47647 
47648 
47649 
47650 
47651 
47652 
47653 
47654 
47655 
47656 
47657 
47658 
47659 
47660 
47661 
47662 
47663 
47664 
47665 
47666 
47667 
47668 
47669 
47670 
47671 
47672 
47673 
47674 
47675 
47676 
47677 
47678 
47679 
47680 
47681 
47682 
47683 
47684 
47685 
47686 
47687 
47688 
47689 
47690 
47691 
47692 
47693 
47694 
47695 
47696 
47697 
47698 
47699 
47700 
47701 
47702 
47703 
47704 
47705 
47706 
47707 
47708 
47709 
47710 
47711 
47712 
47713 
47714 
47715 
47716 
47717 
47718 
47719 
47720 
47721 
47722 
47723 
47724 
47725 
47726 
47727 
47728 
47729 
47730 
47731 
47732 
47733 
47734 
47735 
47736 
47737 
47738 
47739 
47740 
47741 
47742 
47743 
47744 
47745 
47746 
47747 
47748 
47749 
47750 
47751 
47752 
47753 
47754 
47755 
47756 
47757 
47758 
47759 
47760 
47761 
47762 
47763 
47764 
47765 
47766 
47767 
47768 
47769 
47770 
47771 
47772 
47773 
47774 
47775 
47776 
47777 
47778 
47779 
47780 
47781 
47782 
47783 
47784 
47785 
47786 
47787 
47788 
47789 
47790 
47791 
47792 
47793 
47794 
47795 
47796 
47797 
47798 
47799 
47800 
47801 
47802 
47803 
47804 
47805 
47806 
47807 
47808 
47809 
47810 
47811 
47812 
47813 
47814 
47815 
47816 
47817 
47818 
47819 
47820 
47821 
47822 
47823 
47824 
47825 
47826 
47827 
47828 
47829 
47830 
47831 
47832 
47833 
47834 
47835 
47836 
47837 
47838 
47839 
47840 
47841 
47842 
47843 
47844 
47845 
47846 
47847 
47848 
47849 
47850 
47851 
47852 
47853 
47854 
47855 
47856 
47857 
47858 
47859 
47860 
47861 
47862 
47863 
47864 
47865 
47866 
47867 
47868 
47869 
47870 
47871 
47872 
47873 
47874 
47875 
47876 
47877 
47878 
47879 
47880 
47881 
47882 
47883 
47884 
47885 
47886 
47887 
47888 
47889 
47890 
47891 
47892 
47893 
47894 
47895 
47896 
47897 
47898 
47899 
47900 
47901 
47902 
47903 
47904 
47905 
47906 
47907 
47908 
47909 
47910 
47911 
47912 
47913 
47914 
47915 
47916 
47917 
47918 
47919 
47920 
47921 
47922 
47923 
47924 
47925 
47926 
47927 
47928 
47929 
47930 
47931 
47932 
47933 
47934 
47935 
47936 
47937 
47938 
47939 
47940 
47941 
47942 
47943 
47944 
47945 
47946 
47947 
47948 
47949 
47950 
47951 
47952 
47953 
47954 
47955 
47956 
47957 
47958 
47959 
47960 
47961 
47962 
47963 
47964 
47965 
47966 
47967 
47968 
47969 
47970 
47971 
47972 
47973 
47974 
47975 
47976 
47977 
47978 
47979 
47980 
47981 
47982 
47983 
47984 
47985 
47986 
47987 
47988 
47989 
47990 
47991 
47992 
47993 
47994 
47995 
47996 
47997 
47998 
47999 
48000 
48001 
48002 
48003 
48004 
48005 
48006 
48007 
48008 
48009 
48010 
48011 
48012 
48013 
48014 
48015 
48016 
48017 
48018 
48019 
48020 
48021 
48022 
48023 
48024 
48025 
48026 
48027 
48028 
48029 
48030 
48031 
48032 
48033 
48034 
48035 
48036 
48037 
48038 
48039 
48040 
48041 
48042 
48043 
48044 
48045 
48046 
48047 
48048 
48049 
48050 
48051 
48052 
48053 
48054 
48055 
48056 
48057 
48058 
48059 
48060 
48061 
48062 
48063 
48064 
48065 
48066 
48067 
48068 
48069 
48070 
48071 
48072 
48073 
48074 
48075 
48076 
48077 
48078 
48079 
48080 
48081 
48082 
48083 
48084 
48085 
48086 
48087 
48088 
48089 
48090 
48091 
48092 
48093 
48094 
48095 
48096 
48097 
48098 
48099 
48100 
48101 
48102 
48103 
48104 
48105 
48106 
48107 
48108 
48109 
48110 
48111 
48112 
48113 
48114 
48115 
48116 
48117 
48118 
48119 
48120 
48121 
48122 
48123 
48124 
48125 
48126 
48127 
48128 
48129 
48130 
48131 
48132 
48133 
48134 
48135 
48136 
48137 
48138 
48139 
48140 
48141 
48142 
48143 
48144 
48145 
48146 
48147 
48148 
48149 
48150 
48151 
48152 
48153 
48154 
48155 
48156 
48157 
48158 
48159 
48160 
48161 
48162 
48163 
48164 
48165 
48166 
48167 
48168 
48169 
48170 
48171 
48172 
48173 
48174 
48175 
48176 
48177 
48178 
48179 
48180 
48181 
48182 
48183 
48184 
48185 
48186 
48187 
48188 
48189 
48190 
48191 
48192 
48193 
48194 
48195 
48196 
48197 
48198 
48199 
48200 
48201 
48202 
48203 
48204 
48205 
48206 
48207 
48208 
48209 
48210 
48211 
48212 
48213 
48214 
48215 
48216 
48217 
48218 
48219 
48220 
48221 
48222 
48223 
48224 
48225 
48226 
48227 
48228 
48229 
48230 
48231 
48232 
48233 
48234 
48235 
48236 
48237 
48238 
48239 
48240 
48241 
48242 
48243 
48244 
48245 
48246 
48247 
48248 
48249 
48250 
48251 
48252 
48253 
48254 
48255 
48256 
48257 
48258 
48259 
48260 
48261 
48262 
48263 
48264 
48265 
48266 
48267 
48268 
48269 
48270 
48271 
48272 
48273 
48274 
48275 
48276 
48277 
48278 
48279 
48280 
48281 
48282 
48283 
48284 
48285 
48286 
48287 
48288 
48289 
48290 
48291 
48292 
48293 
48294 
48295 
48296 
48297 
48298 
48299 
48300 
48301 
48302 
48303 
48304 
48305 
48306 
48307 
48308 
48309 
48310 
48311 
48312 
48313 
48314 
48315 
48316 
48317 
48318 
48319 
48320 
48321 
48322 
48323 
48324 
48325 
48326 
48327 
48328 
48329 
48330 
48331 
48332 
48333 
48334 
48335 
48336 
48337 
48338 
48339 
48340 
48341 
48342 
48343 
48344 
48345 
48346 
48347 
48348 
48349 
48350 
48351 
48352 
48353 
48354 
48355 
48356 
48357 
48358 
48359 
48360 
48361 
48362 
48363 
48364 
48365 
48366 
48367 
48368 
48369 
48370 
48371 
48372 
48373 
48374 
48375 
48376 
48377 
48378 
48379 
48380 
48381 
48382 
48383 
48384 
48385 
48386 
48387 
48388 
48389 
48390 
48391 
48392 
48393 
48394 
48395 
48396 
48397 
48398 
48399 
48400 
48401 
48402 
48403 
48404 
48405 
48406 
48407 
48408 
48409 
48410 
48411 
48412 
48413 
48414 
48415 
48416 
48417 
48418 
48419 
48420 
48421 
48422 
48423 
48424 
48425 
48426 
48427 
48428 
48429 
48430 
48431 
48432 
48433 
48434 
48435 
48436 
48437 
48438 
48439 
48440 
48441 
48442 
48443 
48444 
48445 
48446 
48447 
48448 
48449 
48450 
48451 
48452 
48453 
48454 
48455 
48456 
48457 
48458 
48459 
48460 
48461 
48462 
48463 
48464 
48465 
48466 
48467 
48468 
48469 
48470 
48471 
48472 
48473 
48474 
48475 
48476 
48477 
48478 
48479 
48480 
48481 
48482 
48483 
48484 
48485 
48486 
48487 
48488 
48489 
48490 
48491 
48492 
48493 
48494 
48495 
48496 
48497 
48498 
48499 
48500 
48501 
48502 
48503 
48504 
48505 
48506 
48507 
48508 
48509 
48510 
48511 
48512 
48513 
48514 
48515 
48516 
48517 
48518 
48519 
48520 
48521 
48522 
48523 
48524 
48525 
48526 
48527 
48528 
48529 
48530 
48531 
48532 
48533 
48534 
48535 
48536 
48537 
48538 
48539 
48540 
48541 
48542 
48543 
48544 
48545 
48546 
48547 
48548 
48549 
48550 
48551 
48552 
48553 
48554 
48555 
48556 
48557 
48558 
48559 
48560 
48561 
48562 
48563 
48564 
48565 
48566 
48567 
48568 
48569 
48570 
48571 
48572 
48573 
48574 
48575 
48576 
48577 
48578 
48579 
48580 
48581 
48582 
48583 
48584 
48585 
48586 
48587 
48588 
48589 
48590 
48591 
48592 
48593 
48594 
48595 
48596 
48597 
48598 
48599 
48600 
48601 
48602 
48603 
48604 
48605 
48606 
48607 
48608 
48609 
48610 
48611 
48612 
48613 
48614 
48615 
48616 
48617 
48618 
48619 
48620 
48621 
48622 
48623 
48624 
48625 
48626 
48627 
48628 
48629 
48630 
48631 
48632 
48633 
48634 
48635 
48636 
48637 
48638 
48639 
48640 
48641 
48642 
48643 
48644 
48645 
48646 
48647 
48648 
48649 
48650 
48651 
48652 
48653 
48654 
48655 
48656 
48657 
48658 
48659 
48660 
48661 
48662 
48663 
48664 
48665 
48666 
48667 
48668 
48669 
48670 
48671 
48672 
48673 
48674 
48675 
48676 
48677 
48678 
48679 
48680 
48681 
48682 
48683 
48684 
48685 
48686 
48687 
48688 
48689 
48690 
48691 
48692 
48693 
48694 
48695 
48696 
48697 
48698 
48699 
48700 
48701 
48702 
48703 
48704 
48705 
48706 
48707 
48708 
48709 
48710 
48711 
48712 
48713 
48714 
48715 
48716 
48717 
48718 
48719 
48720 
48721 
48722 
48723 
48724 
48725 
48726 
48727 
48728 
48729 
48730 
48731 
48732 
48733 
48734 
48735 
48736 
48737 
48738 
48739 
48740 
48741 
48742 
48743 
48744 
48745 
48746 
48747 
48748 
48749 
48750 
48751 
48752 
48753 
48754 
48755 
48756 
48757 
48758 
48759 
48760 
48761 
48762 
48763 
48764 
48765 
48766 
48767 
48768 
48769 
48770 
48771 
48772 
48773 
48774 
48775 
48776 
48777 
48778 
48779 
48780 
48781 
48782 
48783 
48784 
48785 
48786 
48787 
48788 
48789 
48790 
48791 
48792 
48793 
48794 
48795 
48796 
48797 
48798 
48799 
48800 
48801 
48802 
48803 
48804 
48805 
48806 
48807 
48808 
48809 
48810 
48811 
48812 
48813 
48814 
48815 
48816 
48817 
48818 
48819 
48820 
48821 
48822 
48823 
48824 
48825 
48826 
48827 
48828 
48829 
48830 
48831 
48832 
48833 
48834 
48835 
48836 
48837 
48838 
48839 
48840 
48841 
48842 
48843 
48844 
48845 
48846 
48847 
48848 
48849 
48850 
48851 
48852 
48853 
48854 
48855 
48856 
48857 
48858 
48859 
48860 
48861 
48862 
48863 
48864 
48865 
48866 
48867 
48868 
48869 
48870 
48871 
48872 
48873 
48874 
48875 
48876 
48877 
48878 
48879 
48880 
48881 
48882 
48883 
48884 
48885 
48886 
48887 
48888 
48889 
48890 
48891 
48892 
48893 
48894 
48895 
48896 
48897 
48898 
48899 
48900 
48901 
48902 
48903 
48904 
48905 
48906 
48907 
48908 
48909 
48910 
48911 
48912 
48913 
48914 
48915 
48916 
48917 
48918 
48919 
48920 
48921 
48922 
48923 
48924 
48925 
48926 
48927 
48928 
48929 
48930 
48931 
48932 
48933 
48934 
48935 
48936 
48937 
48938 
48939 
48940 
48941 
48942 
48943 
48944 
48945 
48946 
48947 
48948 
48949 
48950 
48951 
48952 
48953 
48954 
48955 
48956 
48957 
48958 
48959 
48960 
48961 
48962 
48963 
48964 
48965 
48966 
48967 
48968 
48969 
48970 
48971 
48972 
48973 
48974 
48975 
48976 
48977 
48978 
48979 
48980 
48981 
48982 
48983 
48984 
48985 
48986 
48987 
48988 
48989 
48990 
48991 
48992 
48993 
48994 
48995 
48996 
48997 
48998 
48999 
49000 
49001 
49002 
49003 
49004 
49005 
49006 
49007 
49008 
49009 
49010 
49011 
49012 
49013 
49014 
49015 
49016 
49017 
49018 
49019 
49020 
49021 
49022 
49023 
49024 
49025 
49026 
49027 
49028 
49029 
49030 
49031 
49032 
49033 
49034 
49035 
49036 
49037 
49038 
49039 
49040 
49041 
49042 
49043 
49044 
49045 
49046 
49047 
49048 
49049 
49050 
49051 
49052 
49053 
49054 
49055 
49056 
49057 
49058 
49059 
49060 
49061 
49062 
49063 
49064 
49065 
49066 
49067 
49068 
49069 
49070 
49071 
49072 
49073 
49074 
49075 
49076 
49077 
49078 
49079 
49080 
49081 
49082 
49083 
49084 
49085 
49086 
49087 
49088 
49089 
49090 
49091 
49092 
49093 
49094 
49095 
49096 
49097 
49098 
49099 
49100 
49101 
49102 
49103 
49104 
49105 
49106 
49107 
49108 
49109 
49110 
49111 
49112 
49113 
49114 
49115 
49116 
49117 
49118 
49119 
49120 
49121 
49122 
49123 
49124 
49125 
49126 
49127 
49128 
49129 
49130 
49131 
49132 
49133 
49134 
49135 
49136 
49137 
49138 
49139 
49140 
49141 
49142 
49143 
49144 
49145 
49146 
49147 
49148 
49149 
49150 
49151 
)

// ************************************************************************* //
