/*--------------------------------*- C++ -*----------------------------------*\
| =========                 |                                                 |
| \\      /  F ield         | OpenFOAM: The Open Source CFD Toolbox           |
|  \\    /   O peration     | Version:  4.1                                   |
|   \\  /    A nd           | Web:      www.OpenFOAM.org                      |
|    \\/     M anipulation  |                                                 |
\*---------------------------------------------------------------------------*/
FoamFile
{
    version     2.0;
    format      ascii;
    class       faceSet;
    location    "constant/polyMesh/sets";
    object      layerFaces;
}
// * * * * * * * * * * * * * * * * * * * * * * * * * * * * * * * * * * * * * //


2560
(
98304 
102403 
98307 
98312 
102410 
98314 
102413 
98317 
102418 
98322 
102423 
98331 
98334 
102432 
102435 
98339 
98343 
102440 
102443 
98350 
102448 
98353 
102451 
98358 
102456 
98362 
102459 
102464 
98369 
102468 
98373 
102475 
98380 
102477 
98383 
102480 
102482 
98388 
102485 
102488 
98393 
102493 
102496 
98402 
102501 
98405 
102503 
102506 
98410 
102508 
98414 
102511 
102513 
102516 
98421 
102520 
98424 
98429 
102527 
102530 
98434 
102535 
102538 
98443 
98446 
102543 
102546 
98451 
102551 
98456 
102555 
98465 
102562 
102564 
98469 
102567 
102569 
102572 
98476 
102575 
98479 
102580 
98484 
98486 
102583 
98489 
102588 
98493 
102590 
102593 
102596 
98500 
98503 
102601 
98508 
102606 
98512 
102615 
98519 
102616 
102617 
98522 
102621 
98527 
98531 
102628 
102632 
98538 
98542 
102639 
102642 
98549 
102647 
98552 
102650 
98557 
102655 
98560 
102658 
98565 
102663 
98569 
102666 
102671 
98576 
102673 
98579 
102676 
102679 
98584 
98587 
102684 
102685 
102686 
98592 
102690 
98596 
102697 
102699 
98603 
102702 
98606 
102705 
98611 
102710 
98614 
102713 
98619 
102718 
98623 
102721 
102726 
98630 
102729 
98633 
102734 
98638 
102737 
98643 
102742 
102746 
98652 
98655 
102753 
102756 
98660 
98662 
102761 
98665 
102763 
98669 
102766 
102768 
102771 
98676 
102775 
98680 
102782 
98687 
102785 
98692 
102790 
102793 
98701 
102798 
102800 
98705 
102803 
102805 
102808 
98712 
102810 
98715 
102813 
102816 
98720 
98723 
102821 
102824 
98728 
102829 
98733 
102833 
98742 
102840 
98745 
102843 
98750 
102848 
98753 
102851 
98758 
102856 
98760 
98763 
102860 
98767 
102867 
102870 
98774 
98777 
102875 
102878 
98782 
98785 
102883 
98790 
102887 
98794 
102894 
102897 
98801 
98805 
102902 
102905 
98812 
102910 
98817 
102914 
102921 
98826 
102924 
98831 
102929 
102932 
98840 
102937 
98843 
102940 
98848 
102945 
98851 
102948 
98856 
102953 
98858 
102957 
98861 
98866 
102964 
102967 
98875 
102972 
98878 
102975 
98883 
102980 
98886 
102983 
98891 
102988 
98895 
102992 
98902 
102999 
103002 
98907 
103007 
103009 
103012 
98916 
103015 
98921 
103020 
103023 
98930 
103028 
98934 
103032 
98941 
103039 
98944 
103043 
98949 
98952 
103050 
103053 
98957 
103058 
98962 
103061 
103066 
98971 
103070 
98974 
98979 
103077 
103080 
98984 
103085 
103088 
98993 
103093 
98997 
103097 
99004 
99007 
103104 
103107 
99012 
99015 
103112 
103115 
99020 
99023 
103120 
103123 
99028 
103128 
99032 
103131 
99039 
103136 
99043 
103140 
99050 
103147 
99053 
103150 
99058 
103155 
99061 
103158 
99066 
103163 
99070 
103167 
99077 
103174 
99080 
103177 
99085 
103182 
99088 
103185 
99093 
103190 
99097 
103194 
99104 
103201 
99107 
103204 
99112 
103209 
99115 
103212 
99120 
103217 
103219 
99124 
103222 
103223 
103224 
103226 
99131 
103229 
99134 
103231 
103234 
103235 
99139 
103236 
103238 
99142 
103241 
103243 
99147 
103246 
99150 
103247 
103248 
103250 
99155 
103253 
103255 
99159 
103258 
103259 
103260 
99166 
103263 
99169 
103268 
103269 
103270 
99174 
103271 
103272 
99176 
103274 
99179 
99180 
103277 
99181 
103279 
99185 
103282 
103284 
103287 
99192 
103289 
99195 
103292 
103295 
99200 
99203 
103300 
103302 
99208 
103305 
103307 
99211 
103310 
99216 
103313 
99219 
103318 
103319 
103320 
99224 
103321 
103322 
103323 
99227 
103324 
103326 
99232 
103329 
103330 
103331 
99235 
103334 
99240 
99242 
103339 
103341 
99245 
99246 
99247 
103344 
103347 
99251 
103352 
103353 
103354 
99258 
103356 
99261 
103359 
103360 
103361 
103362 
99266 
103363 
103365 
99269 
103368 
99274 
103372 
99277 
99282 
103379 
99285 
103383 
99290 
99293 
103390 
103393 
99298 
99301 
103398 
103400 
99306 
103403 
99308 
103406 
99311 
99312 
99313 
103411 
99316 
103413 
103416 
103417 
99321 
103418 
103420 
99325 
103423 
103425 
103428 
99332 
103429 
103430 
99335 
103432 
103435 
99340 
103437 
99343 
103440 
103441 
103442 
103444 
99348 
103447 
99351 
103449 
103452 
99356 
103453 
103454 
99358 
103457 
99361 
99363 
103462 
99366 
103464 
99370 
103467 
103470 
99377 
103475 
99379 
103478 
99382 
99384 
103483 
99387 
103486 
99390 
103491 
99395 
103493 
99398 
103496 
103498 
99403 
103501 
99405 
103503 
99408 
103506 
99411 
103511 
99416 
99419 
103520 
99424 
103524 
99429 
103531 
103534 
99438 
99441 
103539 
99446 
103543 
99449 
103550 
99454 
103552 
99458 
103555 
103557 
103560 
99465 
103563 
99468 
103568 
99473 
103571 
99477 
103576 
103579 
99484 
99485 
99486 
103584 
99488 
99491 
103588 
99495 
103595 
103598 
99502 
99504 
103603 
99507 
103604 
103605 
103607 
99511 
103610 
103614 
99518 
99521 
103621 
99526 
99527 
99528 
103625 
99530 
99533 
103632 
99536 
103635 
99541 
99543 
103640 
99546 
103643 
99549 
103648 
99554 
103651 
99556 
99559 
103656 
99561 
103659 
99564 
99567 
103664 
103667 
99572 
99575 
103672 
103674 
99580 
103677 
99582 
103680 
99585 
99586 
99587 
103685 
99589 
103687 
99592 
103690 
99594 
103693 
99597 
99600 
103698 
103701 
99605 
99607 
103706 
99610 
99612 
103709 
99615 
103714 
99618 
103716 
103719 
99623 
99626 
103723 
99631 
99633 
103730 
99636 
103733 
99640 
103738 
103740 
103743 
99647 
99650 
103747 
99655 
99657 
103754 
99660 
103758 
99662 
99665 
103765 
99669 
103768 
99676 
103773 
99677 
99678 
103775 
99681 
103778 
103781 
99686 
103786 
99690 
103789 
99697 
103794 
99699 
103797 
99702 
99704 
103802 
99707 
103805 
99711 
103810 
103812 
99718 
103815 
103816 
103817 
99722 
103819 
103822 
103823 
103824 
103825 
99729 
103826 
103827 
103828 
99732 
103830 
103833 
99737 
103835 
99740 
103838 
103839 
103840 
99745 
103842 
99747 
103845 
99750 
103847 
99753 
103850 
103851 
103852 
103853 
103854 
99758 
103856 
99761 
103859 
103860 
103861 
99766 
103863 
99768 
103866 
103867 
99771 
103868 
103870 
99774 
103873 
103874 
103875 
99779 
103876 
103877 
99782 
103879 
103882 
103883 
99787 
103884 
103886 
99790 
103889 
103890 
103891 
99795 
103893 
99799 
103896 
103897 
103898 
103899 
103900 
103901 
103902 
99806 
103903 
103904 
99808 
103905 
103906 
99811 
103908 
99813 
103911 
103912 
99816 
103913 
103915 
99819 
103918 
103920 
99824 
103923 
99827 
103924 
103925 
103926 
103927 
99832 
103929 
99834 
103932 
99837 
103934 
103937 
103938 
99842 
103939 
103940 
103941 
103942 
103943 
103944 
103945 
103947 
99851 
103950 
99854 
103951 
103952 
99859 
103956 
99861 
99864 
103963 
99868 
103966 
103971 
99875 
103973 
99877 
103976 
99880 
103977 
103978 
103980 
99884 
103983 
103986 
99891 
99894 
103991 
103994 
99899 
99902 
103999 
104000 
104001 
104002 
104003 
99907 
104004 
104005 
99909 
104006 
104007 
99912 
104010 
99915 
104015 
104016 
99920 
104017 
99922 
104019 
99925 
104022 
99927 
104024 
99930 
104027 
99932 
104030 
99935 
99938 
104035 
104037 
99943 
104040 
104042 
99946 
104045 
104047 
99951 
104050 
99954 
104052 
104055 
99959 
104056 
104057 
99961 
104060 
99964 
99968 
104065 
104068 
99975 
104073 
104075 
99979 
104078 
104080 
99986 
104083 
104085 
99989 
104088 
104090 
99994 
104093 
99997 
104095 
104098 
100002 
104100 
100006 
104103 
104104 
104105 
104107 
100013 
104110 
104111 
104112 
100016 
104116 
100021 
100024 
104123 
100029 
104126 
100032 
104131 
104133 
100037 
104136 
104137 
100041 
104138 
104139 
104140 
104142 
100048 
104145 
104148 
100052 
104153 
104154 
104155 
100059 
104156 
104157 
104159 
100063 
104162 
104165 
100070 
100073 
104170 
104172 
100078 
104175 
104177 
100081 
104180 
100086 
104183 
100090 
104188 
104190 
104193 
100097 
104194 
104195 
100099 
104197 
100102 
104200 
104201 
100105 
104202 
104204 
100110 
104207 
104208 
100112 
104209 
104210 
104211 
100115 
104213 
100119 
104216 
104218 
104221 
100126 
104223 
100128 
104226 
100131 
104228 
100134 
104231 
104233 
100139 
104236 
100142 
104239 
100147 
104244 
104246 
100150 
104249 
104250 
104251 
100155 
104254 
100159 
104259 
104262 
100166 
100169 
104267 
104268 
104269 
100174 
104271 
100177 
104274 
104275 
104276 
104278 
100182 
104281 
100185 
104283 
104286 
100190 
104287 
104288 
100193 
104291 
100198 
104296 
100201 
104298 
104301 
100206 
104303 
104306 
104307 
100211 
104308 
104311 
104316 
100220 
104318 
100223 
104321 
104323 
100228 
104326 
100230 
104329 
100233 
100237 
104334 
104336 
104339 
100244 
104342 
100248 
104347 
104349 
100255 
104352 
104353 
100257 
104354 
100260 
104357 
100264 
104362 
104364 
104367 
100271 
104369 
100274 
104372 
104374 
100279 
104377 
100282 
104380 
100287 
104385 
100289 
104387 
100292 
104390 
100295 
104393 
100300 
104398 
100302 
104400 
100305 
100306 
104403 
100307 
104404 
104405 
100309 
104408 
100312 
100315 
104413 
104415 
100320 
104418 
104420 
100324 
104423 
104425 
100331 
104428 
100333 
104431 
100336 
104436 
100340 
104438 
104441 
100347 
104444 
100349 
100352 
104449 
104451 
100355 
104454 
104455 
104456 
100360 
104458 
100363 
104461 
104463 
100368 
104466 
104468 
100373 
104471 
104474 
100382 
104479 
100384 
104481 
100387 
104484 
104486 
100391 
104489 
104490 
104491 
104493 
100398 
104496 
100401 
104498 
104501 
104502 
100406 
104503 
100408 
104506 
100411 
100412 
100413 
104511 
104513 
100417 
104516 
104518 
100424 
104521 
104522 
100426 
104523 
104524 
104525 
100429 
100431 
104529 
100434 
100437 
104536 
100442 
104539 
100445 
104544 
104546 
100450 
100452 
104549 
104550 
104551 
100455 
100456 
100457 
104554 
100461 
104559 
104561 
104564 
100468 
100470 
104567 
100473 
104572 
100476 
104576 
100481 
100484 
104583 
104585 
100489 
104588 
104589 
100493 
104590 
104592 
104595 
104596 
100500 
104597 
104599 
100504 
104602 
104603 
104604 
104605 
104606 
104607 
100511 
104608 
100514 
104611 
100519 
104616 
104618 
100523 
104621 
104622 
104623 
104624 
104625 
100530 
104627 
104630 
100534 
104631 
104632 
104633 
104634 
104636 
100541 
104639 
100544 
96448 
104641 
104644 
96452 
100549 
104646 
100551 
104649 
100554 
104651 
100555 
96459 
100556 
104654 
100559 
96463 
104656 
104659 
100564 
104661 
96470 
100567 
104664 
104665 
104666 
96474 
100572 
104670 
100576 
96481 
104677 
96485 
104679 
100583 
104682 
104683 
100587 
104684 
96492 
104687 
96496 
100594 
104692 
104693 
104694 
100598 
96503 
104696 
104699 
96507 
104700 
104701 
100605 
104703 
100607 
104706 
100610 
96514 
104707 
104708 
100613 
96518 
104712 
100618 
100621 
96525 
104719 
96529 
104722 
100626 
100629 
104727 
96536 
104730 
100634 
100636 
96540 
104735 
100639 
104736 
104737 
100642 
104739 
96547 
104742 
100647 
96551 
104744 
100649 
104747 
104748 
100652 
104749 
96558 
104752 
100656 
96562 
104757 
104759 
100663 
96569 
104762 
100666 
104764 
96573 
104767 
100671 
104769 
100675 
104772 
96580 
104773 
104774 
96584 
104777 
100682 
100685 
104782 
96591 
104784 
100690 
104787 
96595 
104789 
100694 
104792 
104794 
96602 
104797 
100701 
96606 
104799 
104802 
100706 
104805 
96613 
96617 
104810 
104811 
100715 
104812 
100718 
104815 
96624 
100723 
104820 
96628 
104822 
100727 
104825 
104827 
96635 
104830 
100734 
96639 
104832 
100736 
104835 
100739 
104837 
96646 
100743 
104840 
104842 
96650 
104845 
100750 
104847 
100753 
96657 
104850 
104851 
104852 
96661 
104854 
100758 
104857 
100761 
104859 
96668 
104862 
100766 
104864 
96672 
100769 
104867 
104869 
100774 
96679 
104872 
100777 
104875 
96683 
100782 
100783 
104880 
100784 
104882 
96690 
100788 
104885 
96694 
104887 
104890 
104891 
100795 
104892 
104893 
96701 
104894 
100798 
104895 
104896 
96705 
104898 
100803 
104901 
104902 
104903 
100807 
96712 
104905 
104908 
96716 
104909 
104910 
100814 
100816 
104914 
100819 
96723 
100822 
96727 
104921 
104923 
100827 
104926 
100830 
96734 
104929 
96738 
100835 
104934 
100838 
104935 
104936 
96745 
104938 
100843 
104941 
100845 
96749 
104942 
104943 
100848 
100850 
104947 
96756 
100853 
100855 
96760 
104954 
100858 
100860 
104957 
100863 
96767 
104962 
96770 
100867 
104964 
104967 
96775 
104968 
104969 
100874 
96779 
104972 
100877 
104977 
104978 
100882 
96786 
104979 
104980 
104981 
100885 
96790 
104984 
100890 
104989 
100893 
96797 
104990 
104991 
104992 
96800 
104993 
100898 
104996 
100901 
96805 
105001 
96809 
105002 
100906 
105003 
105006 
100911 
96816 
105011 
96819 
105012 
105013 
105015 
100920 
96824 
105018 
105019 
100923 
105020 
96828 
105022 
100928 
105025 
105027 
100931 
96835 
105030 
96839 
105032 
100936 
105035 
100939 
105037 
96846 
105040 
100944 
96849 
105043 
100948 
96854 
105048 
96857 
105050 
100955 
105053 
100957 
96862 
105055 
100960 
105058 
96866 
105060 
100964 
105063 
105065 
96873 
100971 
105068 
96876 
105070 
100974 
105073 
96881 
105075 
100979 
96884 
100981 
105078 
100984 
105081 
96889 
100988 
96893 
105086 
105088 
105091 
100995 
105092 
96900 
105093 
105095 
100999 
96903 
105098 
96908 
105101 
101006 
96911 
101009 
105106 
105108 
96916 
101014 
105111 
96920 
105114 
101018 
105119 
96927 
105121 
101025 
96930 
101027 
105124 
101030 
105127 
101031 
96935 
101032 
96938 
105132 
101036 
105134 
96943 
105137 
105139 
101043 
96947 
105142 
101046 
105145 
96954 
101051 
101052 
101053 
96957 
105150 
101055 
105152 
101058 
96962 
105155 
105157 
101061 
96966 
105160 
105161 
105162 
101066 
105163 
105164 
101068 
96973 
105167 
101071 
101072 
101073 
96977 
105172 
105174 
101078 
96984 
105177 
105178 
105179 
96987 
105180 
105181 
105183 
101087 
96992 
105186 
101090 
96996 
105189 
101095 
105194 
101099 
97003 
105197 
97007 
105202 
101106 
105203 
105204 
101108 
105205 
105206 
97014 
101111 
105209 
101114 
97018 
105214 
101119 
105216 
101121 
97025 
105219 
101124 
105221 
97029 
101126 
105224 
101129 
105226 
101132 
97036 
105229 
105232 
97040 
101137 
101140 
105237 
105239 
97047 
101145 
105242 
105243 
101147 
97051 
105244 
105245 
105246 
101150 
105248 
101153 
97058 
105251 
105253 
101158 
97062 
105256 
101161 
105258 
105261 
97069 
101166 
105263 
97073 
105266 
101170 
105268 
105271 
97080 
105273 
101177 
101179 
105276 
97084 
105278 
101182 
101184 
105281 
101187 
97091 
105284 
101190 
97095 
105289 
105291 
101195 
105294 
101198 
97102 
105296 
97105 
105299 
101203 
105300 
105301 
101205 
97110 
105303 
101208 
105306 
97114 
105307 
105308 
101212 
105312 
97121 
101219 
97125 
101222 
105319 
105322 
101227 
97132 
101230 
105327 
97135 
105330 
101235 
97140 
101238 
105335 
105336 
97144 
105337 
105339 
101243 
105342 
101247 
97151 
105344 
105347 
97155 
105348 
105349 
105350 
101254 
105351 
105353 
101257 
97162 
105356 
105358 
101262 
97166 
101264 
105361 
105363 
101267 
101268 
101269 
97173 
105366 
101270 
101271 
105368 
101273 
97177 
105371 
101276 
105373 
101278 
105376 
97184 
101281 
105379 
97188 
101285 
105384 
105386 
97195 
101292 
105389 
105390 
105391 
101295 
97199 
105395 
101300 
97206 
101303 
105402 
97210 
101308 
105405 
101311 
97217 
105410 
105411 
105412 
101316 
97221 
105414 
101319 
105417 
105419 
101324 
97228 
105422 
105423 
101327 
105424 
97232 
105427 
101332 
101335 
97239 
105432 
105434 
97243 
101340 
105437 
101342 
105439 
101345 
105442 
101346 
97250 
105443 
101347 
105444 
97254 
105447 
101351 
105452 
97261 
105454 
101358 
97264 
105457 
101361 
105459 
97269 
105462 
101366 
97272 
105465 
101369 
97277 
105470 
101374 
105472 
101377 
97281 
105475 
105478 
101382 
97288 
101385 
105483 
97292 
105485 
101390 
105488 
105489 
101393 
105490 
97299 
105493 
101398 
97303 
101401 
105498 
105500 
101406 
97310 
105503 
101408 
105505 
97313 
101411 
105508 
101412 
101413 
105510 
97318 
101416 
105513 
97321 
105516 
101421 
97326 
105521 
101425 
97330 
105523 
105526 
101432 
105529 
97337 
101435 
97340 
105534 
105536 
101440 
97345 
105539 
101443 
105540 
105541 
97349 
105544 
101448 
101451 
97356 
105549 
105551 
97359 
101456 
105554 
101458 
105556 
97364 
101461 
105559 
101463 
97368 
105561 
101466 
105564 
101468 
105567 
101471 
97375 
101473 
97379 
105572 
101476 
105574 
101480 
105577 
97386 
105580 
97390 
101487 
105585 
101490 
105587 
97397 
105590 
105591 
101495 
105592 
97400 
105594 
101498 
105597 
97405 
105599 
101503 
97408 
101505 
105602 
105604 
101508 
97413 
101510 
105607 
97416 
101513 
105610 
101516 
97421 
105615 
105617 
101521 
97425 
105620 
101524 
105622 
97432 
105625 
101529 
105626 
105627 
101531 
97435 
105630 
101534 
97440 
101537 
105635 
97444 
105637 
101542 
105640 
101545 
105642 
97451 
105645 
105646 
101550 
105647 
97455 
101554 
105651 
97462 
101561 
97465 
105658 
101563 
105661 
101566 
97470 
101568 
105666 
97474 
101571 
105668 
101574 
105671 
105673 
97481 
101579 
105676 
97484 
105677 
105678 
101582 
105681 
97489 
101587 
97492 
101589 
105686 
101592 
97497 
105690 
101596 
97501 
105697 
105699 
101603 
97508 
105702 
101606 
105704 
97512 
105707 
101611 
105708 
105709 
101613 
105710 
105711 
97519 
101616 
101617 
105714 
101618 
97523 
101622 
105719 
105721 
97530 
105724 
105725 
101629 
97533 
105726 
101630 
105727 
101631 
101634 
97538 
97541 
101639 
97546 
101643 
97550 
101650 
101652 
97557 
101655 
97560 
101657 
101660 
97565 
101665 
97569 
97576 
101674 
97579 
101676 
101679 
97584 
101681 
101684 
97588 
101688 
97595 
97598 
101695 
101699 
97603 
97606 
101706 
97611 
101709 
97614 
101714 
97619 
101717 
97623 
101722 
101724 
97630 
101727 
101730 
97634 
101735 
97641 
101738 
97644 
101743 
101745 
97649 
101748 
97653 
101752 
97660 
101759 
97664 
101763 
97671 
101770 
97675 
101773 
101778 
97682 
101782 
97686 
101789 
97693 
101792 
97697 
101797 
101800 
97704 
97708 
101805 
101808 
97715 
101813 
97719 
101816 
101821 
97726 
101824 
97730 
101829 
101832 
97737 
101837 
97741 
101839 
101842 
97748 
101846 
97751 
97756 
101853 
101855 
97760 
101858 
101861 
97767 
101866 
97770 
101869 
97775 
101874 
97779 
101878 
97786 
101885 
97790 
101887 
101890 
101893 
97797 
97801 
101898 
101901 
97808 
101906 
97812 
101910 
97819 
101917 
97823 
101921 
97830 
101928 
101930 
97834 
101933 
101937 
97841 
97845 
101944 
101947 
97852 
101952 
97856 
101956 
97863 
101963 
97867 
101967 
97874 
101974 
97878 
101977 
97885 
101982 
101985 
97889 
101990 
97896 
101993 
97899 
101998 
97904 
102001 
97908 
102006 
102009 
97915 
102014 
97918 
102018 
97923 
97927 
102025 
102028 
97934 
102033 
97937 
102037 
97942 
97945 
102044 
97950 
102048 
97954 
102055 
102057 
97961 
102060 
97965 
102064 
97972 
102071 
97975 
102074 
97980 
102079 
102080 
97984 
102081 
102083 
102086 
97991 
102089 
97994 
102094 
97999 
102099 
98003 
98010 
102108 
98013 
102112 
98018 
98021 
102119 
98026 
102123 
98031 
102130 
102134 
98040 
98044 
102141 
102142 
102143 
102145 
98051 
102148 
98054 
102151 
98059 
102156 
98061 
102159 
98064 
102164 
98068 
102167 
98075 
102172 
98078 
102176 
98083 
102183 
98087 
102186 
98094 
102191 
98098 
102196 
98105 
98108 
102205 
102209 
98113 
98118 
102216 
102220 
98127 
98130 
102227 
102231 
98135 
98139 
102238 
102242 
98146 
98150 
102249 
102253 
98157 
98161 
102260 
102263 
98168 
98171 
102268 
102272 
98176 
98179 
102279 
98184 
102283 
98189 
102290 
98198 
102295 
98201 
98206 
102304 
98209 
102308 
98214 
98216 
102315 
98219 
102318 
98223 
102323 
102326 
98230 
98233 
102331 
102334 
98238 
98242 
102339 
102342 
98249 
102347 
98253 
102350 
102355 
98260 
102359 
98264 
102366 
98271 
102369 
98275 
102374 
98282 
102379 
98287 
102388 
102392 
98296 
98299 
102399 
)

// ************************************************************************* //
