/*--------------------------------*- C++ -*----------------------------------*\
| =========                 |                                                 |
| \\      /  F ield         | OpenFOAM: The Open Source CFD Toolbox           |
|  \\    /   O peration     | Version:  4.1                                   |
|   \\  /    A nd           | Web:      www.OpenFOAM.org                      |
|    \\/     M anipulation  |                                                 |
\*---------------------------------------------------------------------------*/
FoamFile
{
    version     2.0;
    format      ascii;
    class       volScalarField;
    location    "0";
    object      thickness;
}
// * * * * * * * * * * * * * * * * * * * * * * * * * * * * * * * * * * * * * //

dimensions      [0 0 0 0 0 0 0];

internalField   uniform 0;

boundaryField
{
    inlet
    {
        type            fixedValue;
        value           uniform 0;
    }
    outlet
    {
        type            fixedValue;
        value           uniform 0;
    }
    walls
    {
        type            fixedValue;
        value           uniform 0;
    }
    front
    {
        type            empty;
    }
    back
    {
        type            empty;
    }
    cylinder1
    {
        type            fixedValue;
        value           nonuniform List<scalar> 
2496
(
0.0079875
0.0079875
0.0079875
0.0079875
0.0079875
0.0079875
0.0079875
0.0079875
0.0079875
0.0079875
0.0079875
0.0079875
0.0079875
0.0079875
0.0079875
0.0079875
0.0079875
0.0079875
0.0079875
0.0079875
0.0079875
0.0079875
0.0079875
0.0079875
0.0079875
0.0079875
0.0079875
0.0079875
0.0079875
0.0079875
0.0079875
0.0079875
0.0079875
0.0079875
0.0079875
0.0079875
0.0079875
0.0079875
0.0079875
0.0079875
0.0079875
0.0079875
0.0079875
0.0079875
0.0079875
0.0079875
0.0079875
0.0079875
0.0079875
0.0079875
0.0079875
0.0079875
0.0079875
0.0079875
0.0079875
0.0079875
0.0079875
0.0079875
0.0079875
0.0079875
0.0079875
0.0079875
0.0079875
0.0079875
0.0079875
0.0079875
0.0079875
0.0079875
0.0079875
0.0079875
0.0079875
0.0079875
0.0079875
0.0079875
0.0079875
0.0079875
0.0079875
0.0079875
0.0079875
0.0079875
0.0079875
0.0079875
0.0079875
0.0079875
0.0079875
0.0079875
0.0079875
0.0079875
0.0079875
0.0079875
0.0079875
0.0079875
0.0079875
0.0079875
0.0079875
0.0079875
0.0079875
0.0079875
0.0079875
0.0079875
0.0079875
0.0079875
0.0079875
0.0079875
0.0079875
0.0079875
0.0079875
0.0079875
0.0079875
0.0079875
0.0079875
0.0079875
0.0079875
0.0079875
0.0079875
0.0079875
0.0079875
0.0079875
0.0079875
0.0079875
0.0079875
0.0079875
0.0079875
0.0079875
0.0079875
0.0079875
0.0079875
0.0079875
0.0079875
0.0079875
0.0079875
0.0079875
0.0079875
0.0079875
0.0079875
0.0079875
0.0079875
0.0079875
0.0079875
0.0079875
0.0079875
0.0079875
0.0079875
0.0079875
0.0079875
0.0079875
0.0079875
0.0079875
0.0079875
0.0079875
0.0079875
0.0079875
0.0079875
0.0079875
0.0079875
0.0079875
0.0079875
0.0079875
0.0079875
0.0079875
0.0079875
0.0079875
0.0079875
0.0079875
0.0079875
0.0079875
0.0079875
0.0079875
0.0079875
0.0079875
0.0079875
0.0079875
0.0079875
0.0079875
0.0079875
0.0079875
0.0079875
0.0079875
0.0079875
0.0079875
0.0079875
0.0079875
0.0079875
0.0079875
0.0079875
0.0079875
0.0079875
0.0079875
0.0079875
0.0079875
0.0079875
0.0079875
0.0079875
0.0079875
0.0079875
0.0079875
0.0079875
0.0079875
0.0079875
0.0079875
0.0079875
0.0079875
0.0079875
0.0079875
0.0079875
0.0079875
0.0079875
0.0079875
0.0079875
0.0079875
0.0079875
0.0079875
0.0079875
0.0079875
0.0079875
0.0079875
0.0079875
0.0079875
0.0079875
0.0079875
0.0079875
0.0079875
0.0079875
0.0079875
0.0079875
0.0079875
0.0079875
0.0079875
0.0079875
0.0079875
0.0079875
0.0079875
0.0079875
0.0079875
0.0079875
0.0079875
0.0079875
0.0079875
0.0079875
0.0079875
0.0079875
0.0079875
0.0079875
0.0079875
0.0079875
0.0079875
0.0079875
0.0079875
0.0079875
0.0079875
0.0079875
0.0079875
0.0079875
0.0079875
0.0079875
0.0079875
0.0079875
0.0079875
0.0079875
0.0079875
0.0079875
0.0079875
0.0079875
0.0079875
0.0079875
0.0079875
0.0079875
0.0079875
0.0079875
0.0079875
0.0079875
0.0079875
0.0079875
0.0079875
0.0079875
0.0079875
0.0079875
0.0079875
0.0079875
0.0079875
0.0079875
0.0079875
0.0079875
0.0079875
0.0079875
0.0079875
0.0079875
0.0079875
0.0079875
0.0079875
0.0079875
0.0079875
0.0079875
0.0079875
0.0079875
0.0079875
0.0079875
0.0079875
0.0079875
0.0079875
0.0079875
0.0079875
0.0079875
0.0079875
0.0079875
0.0079875
0.0079875
0.0079875
0.0079875
0.0079875
0.0079875
0.0079875
0.0079875
0.0079875
0.0079875
0.0079875
0.0079875
0.0079875
0.0079875
0.0079875
0.0079875
0.0079875
0.0079875
0.0079875
0.0079875
0.0079875
0.0079875
0.0079875
0.0079875
0.0079875
0.0079875
0.0079875
0.0079875
0.0079875
0.0079875
0.0079875
0.0079875
0.0079875
0.0079875
0.0079875
0.0079875
0.0079875
0.0079875
0.0079875
0.0079875
0.0079875
0.0079875
0.0079875
0.0079875
0.0079875
0.0079875
0.0079875
0.0079875
0.0079875
0.0079875
0.0079875
0.0079875
0.0079875
0.0079875
0.0079875
0.0079875
0.0079875
0.0079875
0.0079875
0.0079875
0.0079875
0.0079875
0.0079875
0.0079875
0.0079875
0.0079875
0.0079875
0.0079875
0.0079875
0.0079875
0.0079875
0.0079875
0.0079875
0.0079875
0.0079875
0.0079875
0.0079875
0.0079875
0.0079875
0.0079875
0.0079875
0.0079875
0.0079875
0.0079875
0.0079875
0.0079875
0.0079875
0.0079875
0.0079875
0.0079875
0.0079875
0.0079875
0.0079875
0.0079875
0.0079875
0.0079875
0.0079875
0.0079875
0.0079875
0.0079875
0.0079875
0.0079875
0.0079875
0.0079875
0.0079875
0.0079875
0.0079875
0.0079875
0.0079875
0.0079875
0.0079875
0.0079875
0.0079875
0.0079875
0.0079875
0.0079875
0.0079875
0.0079875
0.0079875
0.0079875
0.0079875
0.0079875
0.0079875
0.0079875
0.0079875
0.0079875
0.0079875
0.0079875
0.0079875
0.0079875
0.0079875
0.0079875
0.0079875
0.0079875
0.0079875
0.0079875
0.0079875
0.0079875
0.0079875
0.0079875
0.0079875
0.0079875
0.0079875
0.0079875
0.0079875
0.0079875
0.0079875
0.0079875
0.0079875
0.0079875
0.0079875
0.0079875
0.0079875
0.0079875
0.0079875
0.0079875
0.0079875
0.0079875
0.0079875
0.0079875
0.0079875
0.0079875
0.0079875
0.0079875
0.0079875
0.0079875
0.0079875
0.0079875
0.0079875
0.0079875
0.0079875
0.0079875
0.0079875
0.0079875
0.0079875
0.0079875
0.0079875
0.0079875
0.0079875
0.0079875
0.0079875
0.0079875
0.0079875
0.0079875
0.0079875
0.0079875
0.0079875
0.0079875
0.0079875
0.0079875
0.0079875
0.0079875
0.0079875
0.0079875
0.0079875
0.0079875
0.0079875
0.0079875
0.0079875
0.0079875
0.0079875
0.0079875
0.0079875
0.0079875
0.0079875
0.0079875
0.0079875
0.0079875
0.0079875
0.0079875
0.0079875
0.0079875
0.0079875
0.0079875
0.0079875
0.0079875
0.0079875
0.0079875
0.0079875
0.0079875
0.0079875
0.0079875
0.0079875
0.0079875
0.0079875
0.0079875
0.0079875
0.0079875
0.0079875
0.0079875
0.0079875
0.0079875
0.0079875
0.0079875
0.0079875
0.0079875
0.0079875
0.0079875
0.0079875
0.0079875
0.0079875
0.0079875
0.0079875
0.0079875
0.0079875
0.0079875
0.0079875
0.0079875
0.0079875
0.0079875
0.0079875
0.0079875
0.0079875
0.0079875
0.0079875
0.0079875
0.0079875
0.0079875
0.0079875
0.0079875
0.0079875
0.0079875
0.0079875
0.0079875
0.0079875
0.0079875
0.0079875
0.0079875
0.0079875
0.0079875
0.0079875
0.0079875
0.0079875
0.0079875
0.0079875
0.0079875
0.0079875
0.0079875
0.0079875
0.0079875
0.0079875
0.0079875
0.0079875
0.0079875
0.0079875
0.0079875
0.0079875
0.0079875
0.0079875
0.0079875
0.0079875
0.0079875
0.0079875
0.0079875
0.0079875
0.0079875
0.0079875
0.0079875
0.0079875
0.0079875
0.0079875
0.0079875
0.0079875
0.0079875
0.0079875
0.0079875
0.0079875
0.0079875
0.0079875
0.0079875
0.0079875
0.0079875
0.0079875
0.0079875
0.0079875
0.0079875
0.0079875
0.0079875
0.0079875
0.0079875
0.0079875
0.0079875
0.0079875
0.0079875
0.0079875
0.0079875
0.0079875
0.0079875
0.0079875
0.0079875
0.0079875
0.0079875
0.0079875
0.0079875
0.0079875
0.0079875
0.0079875
0.0079875
0.0079875
0.0079875
0.0079875
0.0079875
0.0079875
0.0079875
0.0079875
0.0079875
0.0079875
0.0079875
0.0079875
0.0079875
0.0079875
0.0079875
0.0079875
0.0079875
0.0079875
0.0079875
0.0079875
0.0079875
0.0079875
0.0079875
0.0079875
0.0079875
0.0079875
0.0079875
0.0079875
0.0079875
0.0079875
0.0079875
0.0079875
0.0079875
0.0079875
0.0079875
0.0079875
0.0079875
0.0079875
0.0079875
0.0079875
0.0079875
0.0079875
0.0079875
0.0079875
0.0079875
0.0079875
0.0079875
0.0079875
0.0079875
0.0079875
0.0079875
0.0079875
0.0079875
0.0079875
0.0079875
0.0079875
0.0079875
0.0079875
0.0079875
0.0079875
0.0079875
0.0079875
0.0079875
0.0079875
0.0079875
0.0079875
0.0079875
0.0079875
0.0079875
0.0079875
0.0079875
0.0079875
0.0079875
0.0079875
0.0079875
0.0079875
0.0079875
0.0079875
0.0079875
0.0079875
0.0079875
0.0079875
0.0079875
0.0079875
0.0079875
0.0079875
0.0079875
0.0079875
0.0079875
0.0079875
0.0079875
0.0079875
0.0079875
0.0079875
0.0079875
0.0079875
0.0079875
0.0079875
0.0079875
0.0079875
0.0079875
0.0079875
0.0079875
0.0079875
0.0079875
0.0079875
0.0079875
0.0079875
0.0079875
0.0079875
0.0079875
0.0079875
0.0079875
0.0079875
0.0079875
0.0079875
0.0079875
0.0079875
0.0079875
0.0079875
0.0079875
0.0079875
0.0079875
0.0079875
0.0079875
0.0079875
0.0079875
0.0079875
0.0079875
0.0079875
0.0079875
0.0079875
0.0079875
0.0079875
0.0079875
0.0079875
0.0079875
0.0079875
0.0079875
0.0079875
0.0079875
0.0079875
0.0079875
0.0079875
0.0079875
0.0079875
0.0079875
0.0079875
0.0079875
0.0079875
0.0079875
0.0079875
0.0079875
0.0079875
0.0079875
0.0079875
0.0079875
0.0079875
0.0079875
0.0079875
0.0079875
0.0079875
0.0079875
0.0079875
0.0079875
0.0079875
0.0079875
0.0079875
0.0079875
0.0079875
0.0079875
0.0079875
0.0079875
0.0079875
0.0079875
0.0079875
0.0079875
0.0079875
0.0079875
0.0079875
0.0079875
0.0079875
0.0079875
0.0079875
0.0079875
0.0079875
0.0079875
0.0079875
0.0079875
0.0079875
0.0079875
0.0079875
0.0079875
0.0079875
0.0079875
0.0079875
0.0079875
0.0079875
0.0079875
0.0079875
0.0079875
0.0079875
0.0079875
0.0079875
0.0079875
0.0079875
0.0079875
0.0079875
0.0079875
0.0079875
0.0079875
0.0079875
0.0079875
0.0079875
0.0079875
0.0079875
0.0079875
0.0079875
0.0079875
0.0079875
0.0079875
0.0079875
0.0079875
0.0079875
0.0079875
0.0079875
0.0079875
0.0079875
0.0079875
0.0079875
0.0079875
0.0079875
0.0079875
0.0079875
0.0079875
0.0079875
0.0079875
0.0079875
0.0079875
0.0079875
0.0079875
0.0079875
0.0079875
0.0079875
0.0079875
0.0079875
0.0079875
0.0079875
0.0079875
0.0079875
0.0079875
0.0079875
0.0079875
0.0079875
0.0079875
0.0079875
0.0079875
0.0079875
0.0079875
0.0079875
0.0079875
0.0079875
0.0079875
0.0079875
0.0079875
0.0079875
0.0079875
0.0079875
0.0079875
0.0079875
0.0079875
0.0079875
0.0079875
0.0079875
0.0079875
0.0079875
0.0079875
0.0079875
0.0079875
0.0079875
0.0079875
0.0079875
0.0079875
0.0079875
0.0079875
0.0079875
0.0079875
0.0079875
0.0079875
0.0079875
0.0079875
0.0079875
0.0079875
0.0079875
0.0079875
0.0079875
0.0079875
0.0079875
0.0079875
0.0079875
0.0079875
0.0079875
0.0079875
0.0079875
0.0079875
0.0079875
0.0079875
0.0079875
0.0079875
0.0079875
0.0079875
0.0079875
0.0079875
0.0079875
0.0079875
0.0079875
0.0079875
0.0079875
0.0079875
0.0079875
0.0079875
0.0079875
0.0079875
0.0079875
0.0079875
0.0079875
0.0079875
0.0079875
0.0079875
0.0079875
0.0079875
0.0079875
0.0079875
0.0079875
0.0079875
0.0079875
0.0079875
0.0079875
0.0079875
0.0079875
0.0079875
0.0079875
0.0079875
0.0079875
0.0079875
0.0079875
0.0079875
0.0079875
0.0079875
0.0079875
0.0079875
0.0079875
0.0079875
0.0079875
0.0079875
0.0079875
0.0079875
0.0079875
0.0079875
0.0079875
0.0079875
0.0079875
0.0079875
0.0079875
0.0079875
0.0079875
0.0079875
0.0079875
0.0079875
0.0079875
0.0079875
0.0079875
0.0079875
0.0079875
0.0079875
0.0079875
0.0079875
0.0079875
0.0079875
0.0079875
0.0079875
0.0079875
0.0079875
0.0079875
0.0079875
0.0079875
0.0079875
0.0079875
0.0079875
0.0079875
0.0079875
0.0079875
0.0079875
0.0079875
0.0079875
0.0079875
0.0079875
0.0079875
0.0079875
0.0079875
0.0079875
0.0079875
0.0079875
0.0079875
0.0079875
0.0079875
0.0079875
0.0079875
0.0079875
0.0079875
0.0079875
0.0079875
0.0079875
0.0079875
0.0079875
0.0079875
0.0079875
0.0079875
0.0079875
0.0079875
0.0079875
0.0079875
0.0079875
0.0079875
0.0079875
0.0079875
0.0079875
0.0079875
0.0079875
0.0079875
0.0079875
0.0079875
0.0079875
0.0079875
0.0079875
0.0079875
0.0079875
0.0079875
0.0079875
0.0079875
0.0079875
0.0079875
0.0079875
0.0079875
0.0079875
0.0079875
0.0079875
0.0079875
0.0079875
0.0079875
0.0079875
0.0079875
0.0079875
0.0079875
0.0079875
0.0079875
0.0079875
0.0079875
0.0079875
0.0079875
0.0079875
0.0079875
0.0079875
0.0079875
0.0079875
0.0079875
0.0079875
0.0079875
0.0079875
0.0079875
0.0079875
0.0079875
0.0079875
0.0079875
0.0079875
0.0079875
0.0079875
0.0079875
0.0079875
0.0079875
0.0079875
0.0079875
0.0079875
0.0079875
0.0079875
0.0079875
0.0079875
0.0079875
0.0079875
0.0079875
0.0079875
0.0079875
0.0079875
0.0079875
0.0079875
0.0079875
0.0079875
0.0079875
0.0079875
0.0079875
0.0079875
0.0079875
0.0079875
0.0079875
0.0079875
0.0079875
0.0079875
0.0079875
0.0079875
0.0079875
0.0079875
0.0079875
0.0079875
0.0079875
0.0079875
0.0079875
0.0079875
0.0079875
0.0079875
0.0079875
0.0079875
0.0079875
0.0079875
0.0079875
0.0079875
0.0079875
0.0079875
0.0079875
0.0079875
0.0079875
0.0079875
0.0079875
0.0079875
0.0079875
0.0079875
0.0079875
0.0079875
0.0079875
0.0079875
0.0079875
0.0079875
0.0079875
0.0079875
0.0079875
0.0079875
0.0079875
0.0079875
0.0079875
0.0079875
0.0079875
0.0079875
0.0079875
0.0079875
0.0079875
0.0079875
0.0079875
0.0079875
0.0079875
0.0079875
0.0079875
0.0079875
0.0079875
0.0079875
0.0079875
0.0079875
0.0079875
0.0079875
0.0079875
0.0079875
0.0079875
0.0079875
0.0079875
0.0079875
0.0079875
0.0079875
0.0079875
0.0079875
0.0079875
0.0079875
0.0079875
0.0079875
0.0079875
0.0079875
0.0079875
0.0079875
0.0079875
0.0079875
0.0079875
0.0079875
0.0079875
0.0079875
0.0079875
0.0079875
0.0079875
0.0079875
0.0079875
0.0079875
0.0079875
0.0079875
0.0079875
0.0079875
0.0079875
0.0079875
0.0079875
0.0079875
0.0079875
0.0079875
0.0079875
0.0079875
0.0079875
0.0079875
0.0079875
0.0079875
0.0079875
0.0079875
0.0079875
0.0079875
0.0079875
0.0079875
0.0079875
0.0079875
0.0079875
0.0079875
0.0079875
0.0079875
0.0079875
0.0079875
0.0079875
0.0079875
0.0079875
0.0079875
0.0079875
0.0079875
0.0079875
0.0079875
0.0079875
0.0079875
0.0079875
0.0079875
0.0079875
0.0079875
0.0079875
0.0079875
0.0079875
0.0079875
0.0079875
0.0079875
0.0079875
0.0079875
0.0079875
0.0079875
0.0079875
0.0079875
0.0079875
0.0079875
0.0079875
0.0079875
0.0079875
0.0079875
0.0079875
0.0079875
0.0079875
0.0079875
0.0079875
0.0079875
0.0079875
0.0079875
0.0079875
0.0079875
0.0079875
0.0079875
0.0079875
0.0079875
0.0079875
0.0079875
0.0079875
0.0079875
0.0079875
0.0079875
0.0079875
0.0079875
0.0079875
0.0079875
0.0079875
0.0079875
0.0079875
0.0079875
0.0079875
0.0079875
0.0079875
0.0079875
0.0079875
0.0079875
0.0079875
0.0079875
0.0079875
0.0079875
0.0079875
0.0079875
0.0079875
0.0079875
0.0079875
0.0079875
0.0079875
0.0079875
0.0079875
0.0079875
0.0079875
0.0079875
0.0079875
0.0079875
0.0079875
0.0079875
0.0079875
0.0079875
0.0079875
0.0079875
0.0079875
0.0079875
0.0079875
0.0079875
0.0079875
0.0079875
0.0079875
0.0079875
0.0079875
0.0079875
0.0079875
0.0079875
0.0079875
0.0079875
0.0079875
0.0079875
0.0079875
0.0079875
0.0079875
0.0079875
0.0079875
0.0079875
0.0079875
0.0079875
0.0079875
0.0079875
0.0079875
0.0079875
0.0079875
0.0079875
0.0079875
0.0079875
0.0079875
0.0079875
0.0079875
0.0079875
0.0079875
0.0079875
0.0079875
0.0079875
0.0079875
0.0079875
0.0079875
0.0079875
0.0079875
0.0079875
0.0079875
0.0079875
0.0079875
0.0079875
0.0079875
0.0079875
0.0079875
0.0079875
0.0079875
0.0079875
0.0079875
0.0079875
0.0079875
0.0079875
0.0079875
0.0079875
0.0079875
0.0079875
0.0079875
0.0079875
0.0079875
0.0079875
0.0079875
0.0079875
0.0079875
0.0079875
0.0079875
0.0079875
0.0079875
0.0079875
0.0079875
0.0079875
0.0079875
0.0079875
0.0079875
0.0079875
0.0079875
0.0079875
0.0079875
0.0079875
0.0079875
0.0079875
0.0079875
0.0079875
0.0079875
0.0079875
0.0079875
0.0079875
0.0079875
0.0079875
0.0079875
0.0079875
0.0079875
0.0079875
0.0079875
0.0079875
0.0079875
0.0079875
0.0079875
0.0079875
0.0079875
0.0079875
0.0079875
0.0079875
0.0079875
0.0079875
0.0079875
0.0079875
0.0079875
0.0079875
0.0079875
0.0079875
0.0079875
0.0079875
0.0079875
0.0079875
0.0079875
0.0079875
0.0079875
0.0079875
0.0079875
0.0079875
0.0079875
0.0079875
0.0079875
0.0079875
0.0079875
0.0079875
0.0079875
0.0079875
0.0079875
0.0079875
0.0079875
0.0079875
0.0079875
0.0079875
0.0079875
0.0079875
0.0079875
0.0079875
0.0079875
0.0079875
0.0079875
0.0079875
0.0079875
0.0079875
0.0079875
0.0079875
0.0079875
0.0079875
0.0079875
0.0079875
0.0079875
0.0079875
0.0079875
0.0079875
0.0079875
0.0079875
0.0079875
0.0079875
0.0079875
0.0079875
0.0079875
0.0079875
0.0079875
0.0079875
0.0079875
0.0079875
0.0079875
0.0079875
0.0079875
0.0079875
0.0079875
0.0079875
0.0079875
0.0079875
0.0079875
0.0079875
0.0079875
0.0079875
0.0079875
0.0079875
0.0079875
0.0079875
0.0079875
0.0079875
0.0079875
0.0079875
0.0079875
0.0079875
0.0079875
0.0079875
0.0079875
0.0079875
0.0079875
0.0079875
0.0079875
0.0079875
0.0079875
0.0079875
0.0079875
0.0079875
0.0079875
0.0079875
0.0079875
0.0079875
0.0079875
0.0079875
0.0079875
0.0079875
0.0079875
0.0079875
0.0079875
0.0079875
0.0079875
0.0079875
0.0079875
0.0079875
0.0079875
0.0079875
0.0079875
0.0079875
0.0079875
0.0079875
0.0079875
0.0079875
0.0079875
0.0079875
0.0079875
0.0079875
0.0079875
0.0079875
0.0079875
0.0079875
0.0079875
0.0079875
0.0079875
0.0079875
0.0079875
0.0079875
0.0079875
0.0079875
0.0079875
0.0079875
0.0079875
0.0079875
0.0079875
0.0079875
0.0079875
0.0079875
0.0079875
0.0079875
0.0079875
0.0079875
0.0079875
0.0079875
0.0079875
0.0079875
0.0079875
0.0079875
0.0079875
0.0079875
0.0079875
0.0079875
0.0079875
0.0079875
0.0079875
0.0079875
0.0079875
0.0079875
0.0079875
0.0079875
0.0079875
0.0079875
0.0079875
0.0079875
0.0079875
0.0079875
0.0079875
0.0079875
0.0079875
0.0079875
0.0079875
0.0079875
0.0079875
0.0079875
0.0079875
0.0079875
0.0079875
0.0079875
0.0079875
0.0079875
0.0079875
0.0079875
0.0079875
0.0079875
0.0079875
0.0079875
0.0079875
0.0079875
0.0079875
0.0079875
0.0079875
0.0079875
0.0079875
0.0079875
0.0079875
0.0079875
0.0079875
0.0079875
0.0079875
0.0079875
0.0079875
0.0079875
0.0079875
0.0079875
0.0079875
0.0079875
0.0079875
0.0079875
0.0079875
0.0079875
0.0079875
0.0079875
0.0079875
0.0079875
0.0079875
0.0079875
0.0079875
0.0079875
0.0079875
0.0079875
0.0079875
0.0079875
0.0079875
0.0079875
0.0079875
0.0079875
0.0079875
0.0079875
0.0079875
0.0079875
0.0079875
0.0079875
0.0079875
0.0079875
0.0079875
0.0079875
0.0079875
0.0079875
0.0079875
0.0079875
0.0079875
0.0079875
0.0079875
0.0079875
0.0079875
0.0079875
0.0079875
0.0079875
0.0079875
0.0079875
0.0079875
0.0079875
0.0079875
0.0079875
0.0079875
0.0079875
0.0079875
0.0079875
0.0079875
0.0079875
0.0079875
0.0079875
0.0079875
0.0079875
0.0079875
0.0079875
0.0079875
0.0079875
0.0079875
0.0079875
0.0079875
0.0079875
0.0079875
0.0079875
0.0079875
0.0079875
0.0079875
0.0079875
0.0079875
0.0079875
0.0079875
0.0079875
0.0079875
0.0079875
0.0079875
0.0079875
0.0079875
0.0079875
0.0079875
0.0079875
0.0079875
0.0079875
0.0079875
0.0079875
0.0079875
0.0079875
0.0079875
0.0079875
0.0079875
0.0079875
0.0079875
0.0079875
0.0079875
0.0079875
0.0079875
0.0079875
0.0079875
0.0079875
0.0079875
0.0079875
0.0079875
0.0079875
0.0079875
0.0079875
0.0079875
0.0079875
0.0079875
0.0079875
0.0079875
0.0079875
0.0079875
0.0079875
0.0079875
0.0079875
0.0079875
0.0079875
0.0079875
0.0079875
0.0079875
0.0079875
0.0079875
0.0079875
0.0079875
0.0079875
0.0079875
0.0079875
0.0079875
0.0079875
0.0079875
0.0079875
0.0079875
0.0079875
0.0079875
0.0079875
0.0079875
0.0079875
0.0079875
0.0079875
0.0079875
0.0079875
0.0079875
0.0079875
0.0079875
0.0079875
0.0079875
0.0079875
0.0079875
0.0079875
0.0079875
0.0079875
0.0079875
0.0079875
0.0079875
0.0079875
0.0079875
0.0079875
0.0079875
0.0079875
0.0079875
0.0079875
0.0079875
0.0079875
0.0079875
0.0079875
0.0079875
0.0079875
0.0079875
0.0079875
0.0079875
0.0079875
0.0079875
0.0079875
0.0079875
0.0079875
0.0079875
0.0079875
0.0079875
0.0079875
0.0079875
0.0079875
0.0079875
0.0079875
0.0079875
0.0079875
0.0079875
0.0079875
0.0079875
0.0079875
0.0079875
0.0079875
0.0079875
0.0079875
0.0079875
0.0079875
0.0079875
0.0079875
0.0079875
0.0079875
0.0079875
0.0079875
0.0079875
0.0079875
0.0079875
0.0079875
0.0079875
0.0079875
0.0079875
0.0079875
0.0079875
0.0079875
0.0079875
0.0079875
0.0079875
0.0079875
0.0079875
0.0079875
0.0079875
0.0079875
0.0079875
0.0079875
0.0079875
0.0079875
0.0079875
0.0079875
0.0079875
0.0079875
0.0079875
0.0079875
0.0079875
0.0079875
0.0079875
0.0079875
0.0079875
0.0079875
0.0079875
0.0079875
0.0079875
0.0079875
0.0079875
0.0079875
0.0079875
0.0079875
0.0079875
0.0079875
0.0079875
0.0079875
0.0079875
0.0079875
0.0079875
0.0079875
0.0079875
0.0079875
0.0079875
0.0079875
0.0079875
0.0079875
0.0079875
0.0079875
0.0079875
0.0079875
0.0079875
0.0079875
0.0079875
0.0079875
0.0079875
0.0079875
0.0079875
0.0079875
0.0079875
0.0079875
0.0079875
0.0079875
0.0079875
0.0079875
0.0079875
0.0079875
0.0079875
0.0079875
0.0079875
0.0079875
0.0079875
0.0079875
0.0079875
0.0079875
0.0079875
0.0079875
0.0079875
0.0079875
0.0079875
0.0079875
0.0079875
0.0079875
0.0079875
0.0079875
0.0079875
0.0079875
0.0079875
0.0079875
0.0079875
0.0079875
0.0079875
0.0079875
0.0079875
0.0079875
0.0079875
0.0079875
0.0079875
0.0079875
0.0079875
0.0079875
0.0079875
0.0079875
0.0079875
0.0079875
0.0079875
0.0079875
0.0079875
0.0079875
0.0079875
0.0079875
0.0079875
0.0079875
0.0079875
0.0079875
0.0079875
0.0079875
0.0079875
0.0079875
0.0079875
0.0079875
0.0079875
0.0079875
0.0079875
0.0079875
0.0079875
0.0079875
0.0079875
0.0079875
0.0079875
0.0079875
0.0079875
0.0079875
0.0079875
0.0079875
0.0079875
0.0079875
0.0079875
0.0079875
0.0079875
0.0079875
0.0079875
0.0079875
0.0079875
0.0079875
0.0079875
0.0079875
0.0079875
0.0079875
0.0079875
0.0079875
0.0079875
0.0079875
0.0079875
0.0079875
0.0079875
0.0079875
0.0079875
0.0079875
0.0079875
0.0079875
0.0079875
0.0079875
0.0079875
0.0079875
0.0079875
0.0079875
0.0079875
0.0079875
0.0079875
0.0079875
0.0079875
0.0079875
0.0079875
0.0079875
0.0079875
0.0079875
0.0079875
0.0079875
0.0079875
0.0079875
0.0079875
0.0079875
0.0079875
0.0079875
0.0079875
0.0079875
0.0079875
0.0079875
0.0079875
0.0079875
0.0079875
0.0079875
0.0079875
0.0079875
0.0079875
0.0079875
0.0079875
0.0079875
0.0079875
0.0079875
0.0079875
0.0079875
0.0079875
0.0079875
0.0079875
0.0079875
0.0079875
0.0079875
0.0079875
0.0079875
0.0079875
0.0079875
0.0079875
0.0079875
0.0079875
0.0079875
0.0079875
0.0079875
0.0079875
0.0079875
0.0079875
0.0079875
0.0079875
0.0079875
0.0079875
0.0079875
0.0079875
0.0079875
0.0079875
0.0079875
0.0079875
0.0079875
0.0079875
0.0079875
0.0079875
0.0079875
0.0079875
0.0079875
0.0079875
0.0079875
0.0079875
0.0079875
0.0079875
0.0079875
0.0079875
0.0079875
0.0079875
0.0079875
0.0079875
0.0079875
0.0079875
0.0079875
0.0079875
0.0079875
0.0079875
0.0079875
0.0079875
0.0079875
0.0079875
0.0079875
0.0079875
0.0079875
0.0079875
0.0079875
0.0079875
0.0079875
0.0079875
0.0079875
0.0079875
0.0079875
0.0079875
0.0079875
0.0079875
0.0079875
0.0079875
0.0079875
0.0079875
0.0079875
0.0079875
0.0079875
0.0079875
0.0079875
0.0079875
0.0079875
0.0079875
0.0079875
0.0079875
0.0079875
0.0079875
0.0079875
0.0079875
0.0079875
0.0079875
0.0079875
0.0079875
0.0079875
0.0079875
0.0079875
0.0079875
0.0079875
0.0079875
0.0079875
0.0079875
0.0079875
0.0079875
0.0079875
0.0079875
0.0079875
0.0079875
0.0079875
0.0079875
0.0079875
0.0079875
0.0079875
0.0079875
0.0079875
0.0079875
0.0079875
0.0079875
0.0079875
0.0079875
0.0079875
0.0079875
0.0079875
0.0079875
0.0079875
0.0079875
0.0079875
0.0079875
0.0079875
0.0079875
0.0079875
0.0079875
0.0079875
0.0079875
0.0079875
0.0079875
0.0079875
0.0079875
0.0079875
0.0079875
0.0079875
0.0079875
0.0079875
0.0079875
0.0079875
0.0079875
0.0079875
0.0079875
0.0079875
0.0079875
0.0079875
0.0079875
0.0079875
0.0079875
0.0079875
0.0079875
0.0079875
0.0079875
0.0079875
0.0079875
0.0079875
0.0079875
0.0079875
0.0079875
0.0079875
0.0079875
0.0079875
0.0079875
0.0079875
0.0079875
0.0079875
0.0079875
0.0079875
0.0079875
0.0079875
0.0079875
0.0079875
0.0079875
0.0079875
0.0079875
0.0079875
0.0079875
0.0079875
0.0079875
0.0079875
0.0079875
0.0079875
0.0079875
0.0079875
0.0079875
0.0079875
0.0079875
0.0079875
0.0079875
0.0079875
0.0079875
0.0079875
0.0079875
0.0079875
0.0079875
0.0079875
0.0079875
0.0079875
0.0079875
0.0079875
0.0079875
0.0079875
0.0079875
0.0079875
0.0079875
0.0079875
0.0079875
0.0079875
0.0079875
0.0079875
0.0079875
0.0079875
0.0079875
0.0079875
0.0079875
0.0079875
0.0079875
0.0079875
0.0079875
0.0079875
0.0079875
0.0079875
0.0079875
0.0079875
0.0079875
0.0079875
0.0079875
0.0079875
0.0079875
0.0079875
0.0079875
0.0079875
0.0079875
0.0079875
0.0079875
0.0079875
0.0079875
0.0079875
0.0079875
0.0079875
0.0079875
0.0079875
0.0079875
0.0079875
0.0079875
0.0079875
0.0079875
0.0079875
0.0079875
0.0079875
0.0079875
0.0079875
0.0079875
0.0079875
0.0079875
0.0079875
0.0079875
0.0079875
0.0079875
0.0079875
0.0079875
0.0079875
0.0079875
0.0079875
0.0079875
0.0079875
0.0079875
0.0079875
0.0079875
0.0079875
0.0079875
0.0079875
0.0079875
0.0079875
0.0079875
0.0079875
0.0079875
0.0079875
0.0079875
0.0079875
0.0079875
0.0079875
0.0079875
0.0079875
0.0079875
0.0079875
0.0079875
0.0079875
0.0079875
0.0079875
0.0079875
0.0079875
0.0079875
0.0079875
0.0079875
0.0079875
0.0079875
0.0079875
0.0079875
0.0079875
0.0079875
0.0079875
0.0079875
0.0079875
0.0079875
0.0079875
0.0079875
0.0079875
0.0079875
0.0079875
0.0079875
0.0079875
0.0079875
0.0079875
0.0079875
0.0079875
0.0079875
0.0079875
0.0079875
0.0079875
0.0079875
0.0079875
0.0079875
0.0079875
0.0079875
0.0079875
0.0079875
0.0079875
0.0079875
0.0079875
0.0079875
0.0079875
0.0079875
0.0079875
0.0079875
0.0079875
0.0079875
0.0079875
0.0079875
0.0079875
0.0079875
0.0079875
0.0079875
0.0079875
0.0079875
0.0079875
0.0079875
0.0079875
0.0079875
0.0079875
0.0079875
0.0079875
0.0079875
0.0079875
0.0079875
0.0079875
0.0079875
0.0079875
0.0079875
0.0079875
0.0079875
0.0079875
0.0079875
0.0079875
0.0079875
0.0079875
0.0079875
0.0079875
0.0079875
0.0079875
0.0079875
0.0079875
0.0079875
0.0079875
0.0079875
0.0079875
0.0079875
0.0079875
0.0079875
0.0079875
0.0079875
0.0079875
0.0079875
0.0079875
0.0079875
0.0079875
0.0079875
0.0079875
0.0079875
0.0079875
0.0079875
0.0079875
0.0079875
)
;
    }
    cylinder_Box
    {
        type            fixedValue;
        value           nonuniform List<scalar> 
3520
(
0
0
0
0
0
0
0
0
0
0
0
0
0
0
0
0
0
0
0
0
0
0
0
0
0
0
0
0
0
0
0
0
0.00669933
0.0079875
0.0079875
0.0079875
0.0079875
0.0079875
0.0079875
0.0079875
0.0079875
0.0079875
0.0079875
0.0079875
0.0079875
0.00482703
0.0079875
0.00669929
0.0079875
0.0079875
0.0079875
0.0079875
0.0079875
0.0079875
0.0079875
0.0079875
0.0079875
0.0079875
0.0079875
0.0079875
0.0079875
0.0079875
0.0079875
0.0079875
0.0079875
0.0079875
0.0079875
0.0079875
0.0079875
0.0079875
0.0079875
0.0079875
0.0079875
0.0079875
0.0079875
0.0079875
0.0079875
0.0079875
0.0079875
0.0079875
0.0079875
0.0079875
0.00669933
0.0079875
0.00669929
0.00681231
0.00796939
0.00797508
0.0079875
0.0079875
0.0079875
0.0079875
0.0079875
0.0079875
0.0079875
0.0079875
0.0079875
0.0079875
0.0079875
0.0079875
0.0079875
0.0079875
0.0079875
0.0079875
0.0079875
0.0079875
0.0079875
0.0079875
0.0079875
0.0079875
0.0079875
0.0079875
0.0079875
0.0079875
0.0079875
0.0079875
0.0079875
0.0079875
0.0079875
0.0079875
0.0079875
0.0079875
0.00798492
0.00798597
0.0079875
0.00798492
0.00798597
0.00681201
0.00796939
0.00797507
0.0079875
0.00798492
0.00798597
0.0079875
0.0079875
0.0079875
0.0079875
0.0079875
0.0079875
0.0079875
0.0079875
0.0079875
0.0079875
0.0079875
0.0079875
0.0079875
0.0079875
0.0079875
0.0079875
0.0079875
0.0079875
0.0079875
0.0079875
0.0079875
0.0079875
0.0079875
0.0079875
0.0079875
0.0079875
0.0079875
0.0079875
0.0079875
0.0079875
0.0079875
0.0079875
0.0079875
0.0079875
0.0079875
0.0079875
0.0079875
0.0079875
0.0079875
0.0079875
0.0079875
0.0079875
0.0079875
0.0079875
0.0079875
0.0079875
0.0079875
0.0079875
0.0079875
0.0079875
0.0079875
0.0079875
0.0079875
0.0079875
0.0079875
0.0079875
0.0079875
0.0079875
0.0079875
0.0079875
0.0079875
0.0079875
0.0079875
0.0079875
0.0079875
0.0079875
0.0079875
0.0079875
0.0079875
0.0079875
0.0079875
0.0079875
0.0079875
0.0079875
0.0079875
0.0079875
0.0079875
0.0079875
0.0079875
0.0079875
0.0079875
0.0079875
0.0079875
0.0079875
0.0079875
0.0079875
0.0079875
0.0079875
0.0079875
0.0079875
0.0079875
0.0079875
0.0079875
0.0079875
0.0079875
0.0079875
0.0079875
0.0079875
0.0079875
0.00681231
0.00796939
0.00797508
0.0079875
0.00798492
0.00798597
0.00681201
0.00796939
0.00797507
0.00676239
0.00758542
0.00761949
0.0079875
0.0079875
0.0079875
0.0079875
0.0079875
0.0079875
0.0079875
0.0079875
0.0079875
0.0079875
0.0079875
0.0079875
0.0079875
0.0079875
0.0079875
0.0079875
0.0079875
0.0079875
0.0079875
0.0079875
0.0079875
0.0079875
0.0079875
0.0079875
0.0079875
0.0079875
0.0079875
0.0079875
0.0079875
0.0079875
0.0079875
0.0079875
0.0079875
0.0079875
0.00798748
0.00798749
0.0079875
0.00798748
0.00798749
0.00676207
0.00758541
0.00761935
0.0079875
0.00798748
0.00798749
0.0079875
0.0079875
0.0079875
0.0079875
0.0079875
0.0079875
0.0079875
0.0079875
0.0079875
0.0079875
0.0079875
0.0079875
0.0079875
0.0079875
0.0079875
0.0079875
0.0079875
0.0079875
0.0079875
0.0079875
0.0079875
0.0079875
0.0079875
0.0079875
0.0079875
0.0079875
0.0079875
0.0079875
0.0079875
0.0079875
0.0079875
0.0079875
0.0079875
0.0079875
0.0079875
0.0079875
0.0079875
0.0079875
0.0079875
0.0079875
0.0079875
0.0079875
0.0079875
0.0079875
0.0079875
0.0079875
0.0079875
0.0079875
0.0079875
0.0079875
0.0079875
0.0079875
0.0079875
0.0079875
0.0079875
0.0079875
0.0079875
0.0079875
0.0079875
0.0079875
0.0079875
0.0079875
0.0079875
0.0079875
0.0079875
0.0079875
0.0079875
0.0079875
0.0079875
0.0079875
0.0079875
0.0079875
0.0079875
0.0079875
0.0079875
0.0079875
0.0079875
0.0079875
0.0079875
0.0079875
0.0079875
0.0079875
0.0079875
0.0079875
0.0079875
0.0079875
0.0079875
0.0079875
0.0079875
0.0079875
0.0079875
0.0079875
0.0079875
0.0079875
0.0079875
0.0079875
0.0079875
0.0079875
0.0079875
0.00676239
0.00758542
0.00761949
0.0079875
0.00798748
0.00798749
0.00676207
0.00758541
0.00761935
0.0049153
0.00683508
0.00680312
0.00494187
0.0079875
0.0079875
0.0079875
0.0079875
0.0079875
0.0079875
0.0079875
0.0079875
0.0079875
0.0079875
0.0079875
0.0079875
0.0079875
0.0079875
0.0079875
0.0079875
0.0079875
0.0079875
0.0079875
0.0079875
0.0079875
0.0079875
0.0079875
0.0079875
0.0079875
0.0079875
0.0079875
0.0079875
0.0079875
0.0079875
0.0079875
0.0079875
0.0079875
0.0079875
0.0079875
0.0079875
0.0079875
0.0079875
0.0079875
0.0079875
0.0079875
0.0079875
0.0079875
0.0079875
0.0079875
0.0079875
0.0079875
0.0079875
0.00791168
0.00765674
0.00763573
0.0079157
0.00678764
0.00764601
0.00763288
0.0078904
0.00797266
0.00790293
0.00791247
0.00797387
0.00790773
0.0079875
0.0079875
0.0079875
0.0079875
0.0079875
0.0079875
0.0079875
0.0079875
0.0079875
0.0079875
0.0079875
0.0079875
0.0079875
0.0079875
0.0079875
0.0079875
0.0079875
0.0079875
0.0079875
0.0079875
0.0079875
0.0079875
0.0079875
0.0079875
0.0079875
0.0079875
0.0079875
0.0079875
0.0079875
0.0079875
0.0079875
0.0079875
0.0079875
0.0079875
0.0079875
0.0079875
0.0079875
0.0079875
0.0079875
0.0079875
0.0079875
0.0079875
0.0079875
0.0079875
0.0079875
0.0079875
0.0079875
0.0079875
0.0079875
0.0079875
0.0079875
0.0079875
0.0079875
0.0079875
0.0079875
0.0079875
0.0079875
0.0079875
0.0079875
0.0079875
0.0079875
0.0079875
0.0079875
0.0079875
0.0079875
0.0079875
0.0079875
0.0079875
0.0079875
0.0079875
0.0079875
0.0079875
0.0079875
0.0079875
0.0079875
0.0079875
0.0079875
0.0079875
0.0079875
0.0079875
0.0079875
0.0079875
0.0079875
0.0079875
0.0079875
0.0079875
0.0079875
0.0079875
0.0079875
0.0079875
0.0079875
0.0079875
0.0079875
0.0079875
0.0079875
0.0079875
0.0079875
0.0079875
0.0079875
0.0079875
0.00798749
0.00798749
0.00798723
0.00798553
0.00798731
0.00798736
0.00798575
0.00798733
0.0079875
0.00798749
0.00798749
0.00798723
0.00798553
0.00798731
0.00798736
0.00798575
0.00798733
0.00678704
0.00764588
0.00763262
0.0078904
0.00797265
0.00790289
0.00791243
0.00797386
0.00790766
0.0079875
0.00798749
0.00798749
0.00798723
0.00798553
0.00798731
0.00798736
0.00798575
0.00798733
0.0079875
0.0079875
0.0079875
0.0079875
0.0079875
0.0079875
0.0079875
0.0079875
0.0079875
0.0079875
0.0079875
0.0079875
0.0079875
0.0079875
0.0079875
0.0079875
0.0079875
0.0079875
0.0079875
0.0079875
0.0079875
0.0079875
0.0079875
0.0079875
0.0079875
0.0079875
0.0079875
0.0079875
0.0079875
0.0079875
0.0079875
0.0079875
0.0079875
0.0079875
0.0079875
0.0079875
0.0079875
0.0079875
0.0079875
0.0079875
0.0079875
0.0079875
0.0079875
0.0079875
0.0079875
0.0079875
0.0079875
0.0079875
0.0079875
0.0079875
0.0079875
0.0079875
0.0079875
0.0079875
0.0079875
0.0079875
0.0079875
0.0079875
0.0079875
0.0079875
0.0079875
0.0079875
0.0079875
0.0079875
0.0079875
0.0079875
0.0079875
0.0079875
0.0079875
0.0079875
0.0079875
0.0079875
0.0079875
0.0079875
0.0079875
0.0079875
0.0079875
0.0079875
0.0079875
0.0079875
0.0079875
0.0079875
0.0079875
0.0079875
0.0079875
0.0079875
0.0079875
0.0079875
0.0079875
0.0079875
0.0079875
0.0079875
0.0079875
0.0079875
0.0079875
0.0079875
0.0079875
0.0079875
0.0079875
0.0079875
0.0079875
0.0079875
0.0079875
0.0079875
0.0079875
0.0079875
0.0079875
0.0079875
0.0079875
0.0079875
0.0079875
0.0079875
0.0079875
0.0079875
0.0079875
0.0079875
0.0079875
0.0079875
0.0079875
0.0079875
0.0079875
0.0079875
0.0079875
0.0079875
0.0079875
0.0079875
0.0079875
0.0079875
0.0079875
0.0079875
0.0079875
0.0079875
0.0079875
0.0079875
0.0079875
0.0079875
0.0079875
0.0079875
0.0079875
0.0079875
0.0079875
0.0079875
0.0079875
0.0079875
0.0079875
0.0079875
0.0079875
0.0079875
0.0079875
0.0079875
0.0079875
0.0079875
0.0079875
0.0079875
0.0079875
0.0079875
0.0079875
0.0079875
0.0079875
0.0079875
0.0079875
0.0079875
0.0079875
0.0079875
0.0079875
0.0079875
0.0079875
0.0079875
0.0079875
0.0079875
0.0079875
0.0079875
0.0079875
0.0079875
0.0079875
0.0079875
0.0079875
0.0079875
0.0079875
0.0079875
0.0079875
0.0079875
0.0079875
0.0079875
0.0079875
0.0079875
0.0079875
0.0079875
0.0079875
0.0079875
0.0079875
0.0079875
0.0079875
0.0079875
0.0079875
0.0079875
0.0079875
0.0079875
0.0079875
0.0079875
0.0079875
0.0079875
0.0079875
0.0079875
0.0079875
0.0079875
0.0079875
0.0079875
0.0079875
0.0079875
0.0079875
0.0079875
0.0079875
0.0079875
0.0079875
0.0079875
0.0079875
0.0079875
0.0079875
0.0079875
0.0079875
0.0079875
0.0079875
0.0079875
0.0079875
0.0079875
0.0079875
0.0079875
0.0079875
0.0079875
0.0079875
0.0079875
0.0079875
0.0079875
0.0079875
0.0079875
0.0079875
0.0079875
0.0079875
0.0079875
0.0079875
0.0079875
0.0079875
0.0079875
0.0079875
0.0079875
0.0079875
0.0079875
0.0079875
0.0079875
0.0079875
0.0079875
0.0079875
0.0079875
0.0079875
0.0079875
0.0079875
0.0079875
0.0079875
0.0079875
0.0079875
0.0079875
0.0079875
0.0079875
0.0079875
0.0079875
0.0079875
0.0079875
0.0079875
0.0079875
0.0079875
0.0079875
0.0079875
0.0079875
0.0079875
0.0079875
0.0079875
0.0079875
0.0079875
0.0079875
0.0079875
0.0079875
0.0079875
0.0079875
0.0079875
0.0079875
0.0079875
0.0079875
0.0079875
0.0079875
0.0079875
0.0079875
0.0079875
0.0079875
0.0079875
0.0079875
0.0079875
0.00678764
0.00764601
0.00763288
0.0078904
0.00797266
0.00790293
0.00791247
0.00797387
0.00790773
0.0079875
0.00798749
0.00798749
0.00798723
0.00798553
0.00798731
0.00798736
0.00798575
0.00798733
0.00678704
0.00764588
0.00763262
0.0078904
0.00797265
0.00790289
0.00791243
0.00797386
0.00790766
0.0049153
0.00683508
0.00680312
0.00494187
0.00791168
0.00765674
0.00763573
0.0079157
0.00491276
0.00683366
0.00493934
0.00680165
0.00791139
0.00765641
0.00791541
0.00763535
0.00791168
0.00765674
0.00763573
0.0079157
0.00491276
0.00683366
0.00493934
0.00680165
0.00791139
0.00765641
0.00791541
0.00763535
0.0079875
0.0079875
0.0079875
0.0079875
0.0079875
0.0079875
0.0079875
0.0079875
0.0079875
0.0079875
0.0079875
0.0079875
0.0079875
0.0079875
0.0079875
0.0079875
0.0079875
0.0079875
0.0079875
0.0079875
0.0079875
0.0079875
0.0079875
0.0079875
0.0079875
0.0079875
0.0079875
0.0079875
0.0079875
0.0079875
0.0079875
0.0079875
0.0079875
0.0079875
0.0079875
0.0079875
0.0079875
0.0079875
0.0079875
0.0079875
0.0079875
0.0079875
0.0079875
0.0079875
0.0079875
0.0079875
0.0079875
0.0079875
0.0079875
0.0079875
0.0079875
0.0079875
0.0079875
0.0079875
0.0079875
0.0079875
0.0079875
0.0079875
0.0079875
0.0079875
0.0079875
0.0079875
0.0079875
0.0079875
0.0079875
0.0079875
0.0079875
0.0079875
0.0079875
0.0079875
0.0079875
0.0079875
0.0079875
0.0079875
0.0079875
0.0079875
0.0079875
0.0079875
0.0079875
0.0079875
0.0079875
0.0079875
0.0079875
0.0079875
0.0079875
0.0079875
0.0079875
0.0079875
0.0079875
0.0079875
0.0079875
0.0079875
0.0079875
0.0079875
0.0079875
0.0079875
0.0079875
0.0079875
0.0079875
0.0079875
0.0079875
0.0079875
0.0079875
0.0079875
0.0079875
0.0079875
0.0079875
0.0079875
0.0079875
0.0079875
0.0079875
0.0079875
0.0079875
0.0079875
0.0079875
0.0079875
0.0079875
0.0079875
0.0079875
0.0079875
0.0079875
0.0079875
0.0079875
0.0079875
0.0079875
0.0079875
0.0079875
0.0079875
0.0079875
0.0079875
0.0079875
0.0079875
0.0079875
0.0079875
0.0079875
0.0079875
0.0079875
0.0079875
0.0079875
0.0079875
0.0079875
0.0079875
0.0079875
0.0079875
0.0079875
0.0079875
0.0079875
0.0079875
0.0079875
0.0079875
0.0079875
0.0079875
0.0079875
0.0079875
0.0079875
0.0079875
0.0079875
0.0079875
0.0079875
0.0079875
0.0079875
0.0079875
0.0079875
0.0079875
0.0079875
0.0079875
0.0079875
0.0079875
0.0079875
0.0079875
0.0079875
0.0079875
0.0079875
0.0079875
0.0079875
0.0079875
0.0079875
0.0079875
0.0079875
0.0079875
0.0079875
0.0079875
0.0079875
0.0079875
0.0079875
0.0079875
0.0079875
0.0079875
0.0079875
0.0079875
0.0079875
0.0079875
0.0079875
0.0079875
0.0079875
0.0079875
0.0079875
0.0079875
0.0079875
0.0079875
0.0079875
0.0079875
0.0079875
0.0079875
0.0079875
0.0079875
0.0079875
0.0079875
0.0079875
0.0079875
0.0079875
0.0079875
0.0079875
0.0079875
0.0079875
0.0079875
0.0079875
0.0079875
0.0079875
0.0079875
0.0079875
0.0079875
0.0079875
0.0079875
0.0079875
0.0079875
0.0079875
0.0079875
0.0079875
0.0079875
0.0079875
0.0079875
0.0079875
0.0079875
0.0079875
0.0079875
0.0079875
0.0079875
0.0079875
0.0079875
0.0079875
0.0079875
0.0079875
0.0079875
0.0079875
0.0079875
0.0079875
0.0079875
0.0079875
0.0079875
0.0079875
0.0079875
0.0079875
0.0079875
0.0079875
0.0079875
0.0079875
0.0079875
0.0079875
0.0079875
0.0079875
0.0079875
0.0079875
0.0079875
0.0079875
0.0079875
0.0079875
0.0079875
0.0079875
0.0079875
0.0079875
0.0079875
0.0079875
0.0079875
0.0079875
0.0079875
0.0079875
0.0079875
0.0079875
0.0079875
0.0079875
0.0079875
0.0079875
0.0079875
0.0079875
0.0079875
0.0079875
0.0079875
0.0079875
0.0079875
0.0079875
0.0079875
0.0079875
0.0079875
0.0079875
0.0079875
0.0079875
0.0079875
0.0079875
0.0079875
0.0079875
0.0079875
0.0079875
0.0079875
0.0079875
0.0079875
0.0079875
0.0079875
0.0079875
0.0079875
0.0079875
0.0079875
0.0079875
0.0079875
0.0079875
0.0079875
0.0079875
0.0079875
0.0079875
0.0079875
0.0079875
0.0079875
0.0079875
0.0079875
0.0079875
0.0079875
0.0079875
0.0079875
0.0079875
0.0079875
0.0079875
0.0079875
0.0079875
0.0079875
0.0079875
0.0079875
0.00791168
0.00765674
0.00763573
0.0079157
0.0049153
0.00683508
0.00680312
0.00494187
0.00791139
0.00765641
0.00791541
0.00763535
0.00491276
0.00683366
0.00493934
0.00680165
0.0049153
0.00683508
0.00680312
0.00494187
0.00791139
0.00765641
0.00791541
0.00763535
0.00491276
0.00683366
0.00493934
0.00680165
0.00669933
0.0079875
0.0079875
0.0079875
0.0079875
0.0079875
0.0079875
0.0079875
0.0079875
0.0079875
0.0079875
0.0079875
0.0079875
0.00482703
0.00482703
0.00482692
0.00482692
0.00482703
0.00482692
0.0079875
0.00669929
0.0079875
0.0079875
0.0079875
0.0079875
0.0079875
0.0079875
0.0079875
0.0079875
0.0079875
0.0079875
0.0079875
0.0079875
0.0079875
0.0079875
0.0079875
0.0079875
0.0079875
0.0079875
0.0079875
0.0079875
0.0079875
0.0079875
0.0079875
0.0079875
0.0079875
0.0079875
0.0079875
0.0079875
0.0079875
0.0079875
0.0079875
0.0079875
0.0079875
0.0079875
0.00669933
0.0079875
0.00669929
0.00482692
0.00681231
0.00796939
0.00797508
0.0079875
0.0079875
0.0079875
0.0079875
0.0079875
0.0079875
0.0079875
0.0079875
0.0079875
0.0079875
0.0079875
0.0079875
0.0079875
0.0079875
0.0079875
0.0079875
0.0079875
0.0079875
0.0079875
0.0079875
0.0079875
0.0079875
0.0079875
0.0079875
0.0079875
0.0079875
0.0079875
0.0079875
0.0079875
0.0079875
0.0079875
0.0079875
0.0079875
0.0079875
0.00798492
0.00798597
0.00495678
0.00495678
0.00495638
0.00495638
0.00495678
0.00495638
0.0079875
0.00798492
0.00798597
0.00681201
0.00796939
0.00797507
0.0079875
0.00798492
0.00798597
0.0079875
0.0079875
0.0079875
0.0079875
0.0079875
0.0079875
0.0079875
0.0079875
0.0079875
0.0079875
0.0079875
0.0079875
0.0079875
0.0079875
0.0079875
0.0079875
0.0079875
0.0079875
0.0079875
0.0079875
0.0079875
0.0079875
0.0079875
0.0079875
0.0079875
0.0079875
0.0079875
0.0079875
0.0079875
0.0079875
0.0079875
0.0079875
0.0079875
0.0079875
0.0079875
0.0079875
0.0079875
0.0079875
0.0079875
0.0079875
0.0079875
0.0079875
0.0079875
0.0079875
0.0079875
0.0079875
0.0079875
0.0079875
0.0079875
0.0079875
0.0079875
0.0079875
0.0079875
0.0079875
0.0079875
0.0079875
0.0079875
0.0079875
0.0079875
0.0079875
0.0079875
0.0079875
0.0079875
0.0079875
0.0079875
0.0079875
0.0079875
0.0079875
0.0079875
0.0079875
0.0079875
0.0079875
0.0079875
0.0079875
0.0079875
0.0079875
0.0079875
0.0079875
0.0079875
0.0079875
0.0079875
0.0079875
0.0079875
0.0079875
0.0079875
0.0079875
0.0079875
0.0079875
0.0079875
0.0079875
0.0079875
0.0079875
0.0079875
0.0079875
0.0079875
0.0079875
0.0079875
0.0079875
0.0079875
0.00681231
0.00796939
0.00797508
0.0079875
0.00798492
0.00798597
0.00681201
0.00796939
0.00797507
0.00495678
0.00495638
0.00676239
0.00758542
0.00761949
0.0079875
0.0079875
0.0079875
0.0079875
0.0079875
0.0079875
0.0079875
0.0079875
0.0079875
0.0079875
0.0079875
0.0079875
0.0079875
0.0079875
0.0079875
0.0079875
0.0079875
0.0079875
0.0079875
0.0079875
0.0079875
0.0079875
0.0079875
0.0079875
0.0079875
0.0079875
0.0079875
0.0079875
0.0079875
0.0079875
0.0079875
0.0079875
0.0079875
0.0079875
0.00798748
0.00798749
0.00177944
0.00489908
0.00180093
0.00183407
0.0017537
0.00798748
0.00798721
0.0079873
0.00798747
0.0079875
0.0079875
0.0079875
0.0079875
0.0079875
0.0079875
0.0079875
0.0079875
0.0079875
0.0079875
0.0079875
0.0079875
0.0079875
0.0079875
0.0079875
0.0079875
0.0079875
0.0079875
0.0079875
0.0079875
0.0079875
0.0079875
0.0079875
0.0079875
0.0079875
0.0079875
0.0079875
0.0079875
0.0079875
0.0079875
0.0079875
0.0079875
0.0079875
0.0079875
0.0079875
0.0079875
0.0079875
0.0079875
0.0079875
0.0079875
0.0079875
0.0079875
0.0079875
0.0079875
0.00797099
0.00798463
0.0079853
0.00796796
0.00177944
0.00489908
0.00180093
0.00183407
0.0017537
0.00797099
0.00798463
0.0079853
0.00796796
0.00177944
0.00489863
0.00180081
0.00183381
0.00175371
0.00797099
0.00798463
0.0079853
0.00796796
0.00797099
0.00798463
0.0079853
0.00796796
0.00177944
0.00489863
0.00180081
0.00183381
0.00175371
0.00797099
0.00798463
0.0079853
0.00796796
0.00798748
0.00798721
0.0079873
0.00798747
0.0079875
0.0079875
0.0079875
0.0079875
0.00798748
0.00798721
0.0079873
0.00798747
0.0079875
0.0079875
0.0079875
0.0079875
0.0079875
0.0079875
0.0079875
0.0079875
0.00798748
0.00798721
0.0079873
0.00798747
0.0079875
0.0079875
0.0079875
0.0079875
0.0079875
0.0079875
0.0079875
0.0079875
0.0079875
0.0079875
0.0079875
0.0079875
0.0079875
0.0079875
0.0079875
0.0079875
0.0079875
0.0079875
0.0079875
0.0079875
0.0079875
0.0079875
0.0079875
0.0079875
0.0079875
0.0079875
0.0079875
0.0079875
0.0079875
0.0079875
0.0079875
0.0079875
0.0079875
0.0079875
0.0079875
0.0079875
0.0079875
0.0079875
0.0079875
0.0079875
0.0079875
0.0079875
0.0079875
0.0079875
0.0079875
0.0079875
0.0079875
0.0079875
0.0079875
0.0079875
0.0079875
0.0079875
0.0079875
0.0079875
0.0079875
0.0079875
0.0079875
0.0079875
0.0079875
0.0079875
0.0079875
0.0079875
0.0079875
0.0079875
0.0079875
0.0079875
0.0079875
0.0079875
0.0079875
0.0079875
0.0079875
0.0079875
0.0079875
0.0079875
0.0079875
0.0079875
0.0079875
0.0079875
0.0079875
0.0079875
0.0079875
0.0079875
0.0079875
0.0079875
0.0079875
0.0079875
0.0079875
0.0079875
0.0079875
0.0079875
0.0079875
0.0079875
0.0079875
0.0079875
0.0079875
0.0079875
0.0079875
0.0079875
0.0079875
0.0079875
0.0079875
0.0079875
0.0079875
0.0079875
0.0079875
0.0079875
0.0079875
0.0079875
0.0079875
0.0079875
0.0079875
0.0079875
0.0079875
0.0079875
0.0079875
0.0079875
0.0079875
0.0079875
0.0079875
0.0079875
0.0079875
0.0079875
0.0079875
0.0079875
0.0079875
0.0079875
0.0079875
0.0079875
0.0079875
0.0079875
0.0079875
0.0079875
0.0079875
0.0079875
0.0079875
0.0079875
0.0079875
0.0079875
0.0079875
0.0079875
0.0079875
0.0079875
0.0079875
0.0079875
0.0079875
0.0079875
0.0079875
0.0079875
0.0079875
0.0079875
0.0079875
0.0079875
0.0079875
0.0079875
0.0079875
0.0079875
0.0079875
0.0079875
0.0079875
0.0079875
0.0079875
0.0079875
0.0079875
0.0079875
0.0079875
0.0079875
0.0079875
0.0079875
0.0079875
0.0079875
0.0079875
0.0079875
0.0079875
0.0079875
0.0079875
0.0079875
0.0079875
0.0079875
0.0079875
0.0079875
0.0079875
0.0079875
0.0079875
0.0079875
0.0079875
0.0079875
0.0079875
0.0079875
0.0079875
0.0079875
0.0079875
0.0079875
0.0079875
0.0079875
0.0079875
0.0079875
0.0079875
0.0079875
0.0079875
0.0079875
0.0079875
0.0079875
0.0079875
0.0079875
0.0079875
0.0079875
0.0079875
0.0079875
0.0079875
0.0079875
0.0079875
0.0079875
0.0079875
0.0079875
0.0079875
0.0079875
0.0079875
0.0079875
0.0079875
0.0079875
0.0079875
0.0079875
0.0079875
0.0079875
0.0079875
0.0079875
0.0079875
0.0079875
0.0079875
0.0079875
0.0079875
0.0079875
0.0079875
0.0079875
0.0079875
0.0079875
0.0079875
0.0079875
0.0079875
0.0079875
0.0079875
0.0079875
0.0079875
0.0079875
0.0079875
0.0079875
0.0079875
0.0079875
0.0079875
0.0079875
0.0079875
0.0079875
0.0079875
0.0079875
0.0079875
0.0079875
0.0079875
0.0079875
0.0079875
0.0079875
0.0079875
0.0079875
0.0079875
0.0079875
0.0079875
0.0079875
0.0079875
0.0079875
0.0079875
0.0079875
0.0079875
0.0079875
0.0079875
0.0079875
0.0079875
0.0079875
0.0079875
0.0079875
0.0079875
0.0079875
0.0079875
0.0079875
0.0079875
0.0079875
0.0079875
0.0079875
0.0079875
0.0079875
0.00798748
0.00798721
0.0079873
0.00798747
0.0079875
0.0079875
0.0079875
0.0079875
0.00798748
0.00798721
0.0079873
0.00798747
0.00798748
0.00798721
0.0079873
0.00798747
0.0079875
0.0079875
0.0079875
0.0079875
0.00798748
0.00798721
0.0079873
0.00798747
0.00797099
0.00798463
0.0079853
0.00796796
0.00177944
0.00489908
0.00180093
0.00183407
0.0017537
0.00797099
0.00798463
0.0079853
0.00796796
0.00177944
0.00489863
0.00180081
0.00183381
0.00175371
0.0079875
0.00798748
0.00798749
0.00676207
0.00758541
0.00761935
0.0079875
0.00798748
0.00798749
0.0079875
0.0079875
0.0079875
0.0079875
0.0079875
0.0079875
0.0079875
0.0079875
0.0079875
0.0079875
0.0079875
0.0079875
0.0079875
0.0079875
0.0079875
0.0079875
0.0079875
0.0079875
0.0079875
0.0079875
0.0079875
0.0079875
0.0079875
0.0079875
0.0079875
0.0079875
0.0079875
0.0079875
0.0079875
0.0079875
0.0079875
0.0079875
0.0079875
0.0079875
0.0079875
0.0079875
0.0079875
0.0079875
0.0079875
0.0079875
0.0079875
0.0079875
0.0079875
0.0079875
0.0079875
0.0079875
0.0079875
0.0079875
0.0079875
0.0079875
0.0079875
0.0079875
0.0079875
0.0079875
0.0079875
0.0079875
0.0079875
0.0079875
0.0079875
0.0079875
0.0079875
0.0079875
0.0079875
0.0079875
0.0079875
0.0079875
0.0079875
0.0079875
0.0079875
0.0079875
0.0079875
0.0079875
0.0079875
0.0079875
0.0079875
0.0079875
0.0079875
0.0079875
0.0079875
0.0079875
0.0079875
0.0079875
0.0079875
0.0079875
0.0079875
0.0079875
0.0079875
0.0079875
0.0079875
0.0079875
0.0079875
0.0079875
0.0079875
0.0079875
0.0079875
0.0079875
0.0079875
0.0079875
0.0079875
0.00676239
0.00758542
0.00761949
0.0079875
0.00798748
0.00798749
0.00676207
0.00758541
0.00761935
0.00177944
0.00489908
0.00180093
0.00183407
0.0017537
0.00797099
0.00798463
0.0079853
0.00796796
0.00177944
0.00489863
0.00180081
0.00183381
0.00175371
0.00678764
0.00764601
0.00763288
0.0078904
0.00797266
0.00790293
0.00791247
0.00797387
0.00790773
0.0079875
0.0079875
0.0079875
0.0079875
0.0079875
0.0079875
0.0079875
0.0079875
0.0079875
0.0079875
0.0079875
0.0079875
0.0079875
0.0079875
0.0079875
0.0079875
0.0079875
0.0079875
0.0079875
0.0079875
0.0079875
0.0079875
0.0079875
0.0079875
0.0079875
0.0079875
0.0079875
0.0079875
0.0079875
0.0079875
0.0079875
0.0079875
0.0079875
0.0079875
0.0079875
0.0079875
0.0079875
0.0079875
0.0079875
0.0079875
0.0079875
0.0079875
0.0079875
0.0079875
0.0079875
0.0079875
0.0079875
0.0079875
0.0079875
0.0079875
0.0079875
0.0079875
0.0079875
0.0079875
0.0079875
0.0079875
0.0079875
0.0079875
0.0079875
0.0079875
0.0079875
0.0079875
0.0079875
0.0079875
0.0079875
0.0079875
0.0079875
0.0079875
0.0079875
0.0079875
0.0079875
0.0079875
0.0079875
0.0079875
0.0079875
0.0079875
0.0079875
0.0079875
0.0079875
0.0079875
0.0079875
0.0079875
0.0079875
0.0079875
0.0079875
0.0079875
0.0079875
0.0079875
0.0079875
0.0079875
0.0079875
0.0079875
0.0079875
0.0079875
0.0079875
0.0079875
0.0079875
0.0079875
0.0079875
0.0079875
0.00798749
0.00798749
0.00798723
0.00798553
0.00798731
0.00798736
0.00798575
0.00798733
0.0018188
0.0049283
0.00186098
0.00184768
0.00183122
0.00482983
0.00669492
0.00674129
0.00477346
0.00798749
0.00798736
0.00798733
0.00798749
0.0079875
0.0079875
0.0079875
0.0079875
0.0079875
0.0079875
0.0079875
0.0079875
0.0079875
0.0079875
0.0079875
0.0079875
0.0079875
0.0079875
0.0079875
0.0079875
0.0079875
0.0079875
0.0079875
0.0079875
0.0079875
0.0079875
0.0079875
0.0079875
0.0079875
0.0079875
0.0079875
0.0079875
0.0079875
0.0079875
0.0079875
0.0079875
0.0079875
0.0079875
0.0079875
0.0079875
0.0079875
0.0079875
0.0079875
0.0079875
0.0079875
0.0079875
0.0079875
0.0079875
0.0079875
0.0079875
0.0079875
0.0079875
0.0079875
0.0079875
0.0079875
0.0079875
0.0079875
0.0079875
0.0079875
0.0079875
0.0079875
0.0079875
0.0079875
0.0079875
0.0079875
0.0079875
0.0079875
0.0079875
0.0079875
0.0079875
0.0079875
0.0079875
0.0079875
0.0079875
0.0079875
0.0079875
0.0079875
0.0079875
0.0079875
0.0079875
0.0079875
0.0079875
0.0079875
0.0079875
0.0079875
0.0079875
0.0079875
0.0079875
0.0079875
0.0079875
0.0079875
0.0079875
0.0079875
0.0079875
0.0079875
0.0079875
0.00797494
0.00798602
0.00798597
0.00797579
0.00789664
0.00758425
0.00760827
0.00788591
0.0018188
0.0049283
0.00186098
0.00184768
0.00183122
0.00482983
0.00669492
0.00674129
0.00477346
0.00797494
0.00798602
0.00797579
0.00798597
0.00789664
0.00758425
0.00760827
0.00788591
0.00181759
0.0049275
0.00186077
0.00184726
0.00183001
0.00482982
0.00669486
0.00674118
0.00477346
0.00797487
0.00798599
0.00797571
0.00798594
0.00789664
0.0075842
0.00760817
0.00788591
0.00797494
0.00798602
0.00798597
0.00797579
0.00789664
0.00758425
0.00760827
0.00788591
0.00181759
0.0049275
0.00186077
0.00184726
0.00183001
0.00482982
0.00669486
0.00674118
0.00477346
0.00797487
0.00798599
0.00797571
0.00798594
0.00789664
0.0075842
0.00760817
0.00788591
0.00798749
0.00798736
0.00798733
0.00798749
0.0079875
0.0079875
0.0079875
0.0079875
0.0079875
0.0079875
0.0079875
0.0079875
0.0079875
0.0079875
0.0079875
0.0079875
0.00798749
0.00798736
0.00798733
0.00798749
0.0079875
0.0079875
0.0079875
0.0079875
0.0079875
0.0079875
0.0079875
0.0079875
0.0079875
0.0079875
0.0079875
0.0079875
0.0079875
0.0079875
0.0079875
0.0079875
0.0079875
0.0079875
0.0079875
0.0079875
0.00798749
0.00798736
0.00798749
0.00798733
0.0079875
0.0079875
0.0079875
0.0079875
0.0079875
0.0079875
0.0079875
0.0079875
0.0079875
0.0079875
0.0079875
0.0079875
0.0079875
0.0079875
0.0079875
0.0079875
0.0079875
0.0079875
0.0079875
0.0079875
0.0079875
0.0079875
0.0079875
0.0079875
0.0079875
0.0079875
0.0079875
0.0079875
0.0079875
0.0079875
0.0079875
0.0079875
0.0079875
0.0079875
0.0079875
0.0079875
0.0079875
0.0079875
0.0079875
0.0079875
0.0079875
0.0079875
0.0079875
0.0079875
0.0079875
0.0079875
0.0079875
0.0079875
0.0079875
0.0079875
0.0079875
0.0079875
0.0079875
0.0079875
0.0079875
0.0079875
0.0079875
0.0079875
0.0079875
0.0079875
0.0079875
0.0079875
0.0079875
0.0079875
0.0079875
0.0079875
0.0079875
0.0079875
0.0079875
0.0079875
0.0079875
0.0079875
0.0079875
0.0079875
0.0079875
0.0079875
0.0079875
0.0079875
0.0079875
0.0079875
0.0079875
0.0079875
0.0079875
0.0079875
0.0079875
0.0079875
0.0079875
0.0079875
0.0079875
0.0079875
0.0079875
0.0079875
0.0079875
0.0079875
0.0079875
0.0079875
0.0079875
0.0079875
0.0079875
0.0079875
0.0079875
0.0079875
0.0079875
0.0079875
0.0079875
0.0079875
0.0079875
0.0079875
0.0079875
0.0079875
0.0079875
0.0079875
0.0079875
0.0079875
0.0079875
0.0079875
0.0079875
0.0079875
0.0079875
0.0079875
0.0079875
0.0079875
0.0079875
0.0079875
0.0079875
0.0079875
0.0079875
0.0079875
0.0079875
0.0079875
0.0079875
0.0079875
0.0079875
0.0079875
0.0079875
0.0079875
0.0079875
0.0079875
0.0079875
0.0079875
0.0079875
0.0079875
0.0079875
0.0079875
0.0079875
0.0079875
0.0079875
0.0079875
0.0079875
0.0079875
0.0079875
0.0079875
0.0079875
0.0079875
0.0079875
0.0079875
0.0079875
0.0079875
0.0079875
0.0079875
0.0079875
0.0079875
0.0079875
0.0079875
0.0079875
0.0079875
0.0079875
0.0079875
0.0079875
0.0079875
0.0079875
0.0079875
0.0079875
0.0079875
0.0079875
0.0079875
0.0079875
0.0079875
0.0079875
0.0079875
0.0079875
0.0079875
0.0079875
0.0079875
0.0079875
0.0079875
0.0079875
0.0079875
0.0079875
0.0079875
0.0079875
0.0079875
0.0079875
0.0079875
0.0079875
0.0079875
0.0079875
0.0079875
0.0079875
0.0079875
0.0079875
0.0079875
0.0079875
0.0079875
0.0079875
0.0079875
0.0079875
0.0079875
0.0079875
0.0079875
0.0079875
0.0079875
0.0079875
0.0079875
0.0079875
0.0079875
0.0079875
0.0079875
0.0079875
0.0079875
0.0079875
0.0079875
0.0079875
0.0079875
0.0079875
0.0079875
0.0079875
0.0079875
0.0079875
0.0079875
0.0079875
0.0079875
0.0079875
0.0079875
0.0079875
0.0079875
0.0079875
0.0079875
0.0079875
0.0079875
0.0079875
0.0079875
0.0079875
0.0079875
0.0079875
0.0079875
0.0079875
0.0079875
0.0079875
0.0079875
0.0079875
0.0079875
0.0079875
0.0079875
0.0079875
0.0079875
0.0079875
0.0079875
0.0079875
0.0079875
0.0079875
0.0079875
0.0079875
0.0079875
0.0079875
0.0079875
0.0079875
0.0079875
0.0079875
0.0079875
0.0079875
0.0079875
0.0079875
0.0079875
0.0079875
0.0079875
0.0079875
0.0079875
0.0079875
0.0079875
0.0079875
0.0079875
0.0079875
0.0079875
0.0079875
0.0079875
0.0079875
0.0079875
0.0079875
0.0079875
0.0079875
0.0079875
0.0079875
0.0079875
0.0079875
0.0079875
0.0079875
0.0079875
0.0079875
0.0079875
0.0079875
0.0079875
0.0079875
0.0079875
0.0079875
0.0079875
0.0079875
0.0079875
0.0079875
0.0079875
0.0079875
0.0079875
0.0079875
0.0079875
0.0079875
0.0079875
0.0079875
0.0079875
0.0079875
0.0079875
0.0079875
0.0079875
0.0079875
0.0079875
0.0079875
0.0079875
0.0079875
0.0079875
0.0079875
0.0079875
0.0079875
0.0079875
0.0079875
0.0079875
0.0079875
0.0079875
0.0079875
0.0079875
0.0079875
0.0079875
0.0079875
0.0079875
0.0079875
0.0079875
0.0079875
0.0079875
0.0079875
0.0079875
0.0079875
0.0079875
0.0079875
0.0079875
0.0079875
0.0079875
0.0079875
0.0079875
0.0079875
0.0079875
0.0079875
0.0079875
0.0079875
0.0079875
0.0079875
0.0079875
0.0079875
0.0079875
0.0079875
0.0079875
0.0079875
0.0079875
0.0079875
0.0079875
0.0079875
0.0079875
0.0079875
0.0079875
0.0079875
0.0079875
0.0079875
0.0079875
0.0079875
0.0079875
0.0079875
0.0079875
0.0079875
0.0079875
0.0079875
0.0079875
0.0079875
0.0079875
0.0079875
0.0079875
0.0079875
0.0079875
0.0079875
0.0079875
0.0079875
0.0079875
0.0079875
0.0079875
0.0079875
0.0079875
0.0079875
0.0079875
0.0079875
0.0079875
0.0079875
0.0079875
0.0079875
0.0079875
0.0079875
0.0079875
0.0079875
0.0079875
0.0079875
0.0079875
0.0079875
0.0079875
0.0079875
0.0079875
0.0079875
0.0079875
0.0079875
0.0079875
0.0079875
0.0079875
0.0079875
0.0079875
0.0079875
0.0079875
0.0079875
0.0079875
0.0079875
0.0079875
0.0079875
0.0079875
0.0079875
0.0079875
0.0079875
0.0079875
0.0079875
0.0079875
0.0079875
0.0079875
0.0079875
0.0079875
0.0079875
0.0079875
0.0079875
0.0079875
0.0079875
0.0079875
0.0079875
0.0079875
0.0079875
0.0079875
0.0079875
0.0079875
0.0079875
0.0079875
0.0079875
0.0079875
0.0079875
0.0079875
0.0079875
0.0079875
0.0079875
0.0079875
0.0079875
0.0079875
0.0079875
0.0079875
0.0079875
0.0079875
0.0079875
0.0079875
0.0079875
0.0079875
0.0079875
0.0079875
0.0079875
0.0079875
0.0079875
0.0079875
0.0079875
0.0079875
0.0079875
0.0079875
0.0079875
0.0079875
0.0079875
0.0079875
0.0079875
0.0079875
0.0079875
0.0079875
0.0079875
0.0079875
0.0079875
0.0079875
0.0079875
0.0079875
0.0079875
0.0079875
0.0079875
0.0079875
0.0079875
0.0079875
0.0079875
0.0079875
0.0079875
0.0079875
0.0079875
0.0079875
0.0079875
0.0079875
0.0079875
0.0079875
0.0079875
0.0079875
0.0079875
0.0079875
0.0079875
0.0079875
0.0079875
0.0079875
0.0079875
0.0079875
0.0079875
0.0079875
0.0079875
0.0079875
0.0079875
0.0079875
0.0079875
0.0079875
0.0079875
0.0079875
0.0079875
0.0079875
0.0079875
0.0079875
0.0079875
0.0079875
0.0079875
0.0079875
0.0079875
0.0079875
0.0079875
0.0079875
0.0079875
0.0079875
0.0079875
0.0079875
0.0079875
0.0079875
0.0079875
0.0079875
0.0079875
0.0079875
0.0079875
0.0079875
0.0079875
0.0079875
0.0079875
0.0079875
0.0079875
0.0079875
0.0079875
0.0079875
0.0079875
0.0079875
0.0079875
0.0079875
0.0079875
0.0079875
0.0079875
0.0079875
0.0079875
0.0079875
0.00798749
0.00798736
0.00798749
0.00798733
0.0079875
0.0079875
0.0079875
0.0079875
0.0079875
0.0079875
0.0079875
0.0079875
0.0079875
0.0079875
0.0079875
0.0079875
0.00798749
0.00798736
0.00798749
0.00798733
0.0079875
0.0079875
0.0079875
0.0079875
0.00798749
0.00798736
0.00798733
0.00798749
0.0079875
0.0079875
0.0079875
0.0079875
0.0079875
0.0079875
0.0079875
0.0079875
0.0079875
0.0079875
0.0079875
0.0079875
0.00798749
0.00798736
0.00798749
0.00798733
0.0079875
0.0079875
0.0079875
0.0079875
0.00797494
0.00798602
0.00798597
0.00797579
0.00789664
0.00758425
0.00760827
0.00788591
0.0018188
0.0049283
0.00186098
0.00184768
0.00183122
0.00482983
0.00669492
0.00674129
0.00477346
0.00797487
0.00798599
0.00798594
0.00797571
0.00789664
0.0075842
0.00760817
0.00788591
0.00181759
0.0049275
0.00186077
0.00184726
0.00183001
0.00482982
0.00669486
0.00674118
0.00477346
0.0079875
0.00798749
0.00798749
0.00798723
0.00798553
0.00798731
0.00798736
0.00798575
0.00798733
0.00678704
0.00764588
0.00763262
0.0078904
0.00797265
0.00790289
0.00791243
0.00797386
0.00790766
0.0079875
0.00798749
0.00798749
0.00798723
0.00798553
0.00798731
0.00798736
0.00798575
0.00798733
0.0079875
0.0079875
0.0079875
0.0079875
0.0079875
0.0079875
0.0079875
0.0079875
0.0079875
0.0079875
0.0079875
0.0079875
0.0079875
0.0079875
0.0079875
0.0079875
0.0079875
0.0079875
0.0079875
0.0079875
0.0079875
0.0079875
0.0079875
0.0079875
0.0079875
0.0079875
0.0079875
0.0079875
0.0079875
0.0079875
0.0079875
0.0079875
0.0079875
0.0079875
0.0079875
0.0079875
0.0079875
0.0079875
0.0079875
0.0079875
0.0079875
0.0079875
0.0079875
0.0079875
0.0079875
0.0079875
0.0079875
0.0079875
0.0079875
0.0079875
0.0079875
0.0079875
0.0079875
0.0079875
0.0079875
0.0079875
0.0079875
0.0079875
0.0079875
0.0079875
0.0079875
0.0079875
0.0079875
0.0079875
0.0079875
0.0079875
0.0079875
0.0079875
0.0079875
0.0079875
0.0079875
0.0079875
0.0079875
0.0079875
0.0079875
0.0079875
0.0079875
0.0079875
0.0079875
0.0079875
0.0079875
0.0079875
0.0079875
0.0079875
0.0079875
0.0079875
0.0079875
0.0079875
0.0079875
0.0079875
0.0079875
0.0079875
0.0079875
0.0079875
0.0079875
0.0079875
0.0079875
0.0079875
0.0079875
0.0079875
0.0079875
0.0079875
0.0079875
0.0079875
0.0079875
0.0079875
0.0079875
0.0079875
0.0079875
0.0079875
0.0079875
0.0079875
0.0079875
0.0079875
0.0079875
0.0079875
0.0079875
0.0079875
0.0079875
0.0079875
0.0079875
0.0079875
0.0079875
0.0079875
0.0079875
0.0079875
0.0079875
0.0079875
0.0079875
0.0079875
0.0079875
0.0079875
0.0079875
0.0079875
0.0079875
0.0079875
0.0079875
0.0079875
0.0079875
0.0079875
0.0079875
0.0079875
0.0079875
0.0079875
0.0079875
0.0079875
0.0079875
0.0079875
0.0079875
0.0079875
0.0079875
0.0079875
0.0079875
0.0079875
0.0079875
0.0079875
0.0079875
0.0079875
0.0079875
0.0079875
0.0079875
0.0079875
0.0079875
0.0079875
0.0079875
0.0079875
0.0079875
0.0079875
0.0079875
0.0079875
0.0079875
0.0079875
0.0079875
0.0079875
0.0079875
0.0079875
0.0079875
0.0079875
0.0079875
0.0079875
0.0079875
0.0079875
0.0079875
0.0079875
0.0079875
0.0079875
0.0079875
0.0079875
0.0079875
0.0079875
0.0079875
0.0079875
0.0079875
0.0079875
0.0079875
0.0079875
0.0079875
0.0079875
0.0079875
0.0079875
0.0079875
0.0079875
0.0079875
0.0079875
0.0079875
0.0079875
0.0079875
0.0079875
0.0079875
0.0079875
0.0079875
0.0079875
0.0079875
0.0079875
0.0079875
0.0079875
0.0079875
0.0079875
0.0079875
0.0079875
0.0079875
0.0079875
0.0079875
0.0079875
0.0079875
0.0079875
0.0079875
0.0079875
0.0079875
0.0079875
0.0079875
0.0079875
0.0079875
0.0079875
0.0079875
0.0079875
0.0079875
0.0079875
0.0079875
0.0079875
0.0079875
0.0079875
0.0079875
0.0079875
0.0079875
0.0079875
0.0079875
0.0079875
0.0079875
0.0079875
0.0079875
0.0079875
0.0079875
0.0079875
0.0079875
0.0079875
0.0079875
0.0079875
0.0079875
0.0079875
0.0079875
0.0079875
0.0079875
0.0079875
0.0079875
0.0079875
0.0079875
0.0079875
0.0079875
0.0079875
0.0079875
0.0079875
0.0079875
0.0079875
0.0079875
0.0079875
0.0079875
0.0079875
0.0079875
0.0079875
0.0079875
0.0079875
0.0079875
0.0079875
0.0079875
0.0079875
0.0079875
0.0079875
0.0079875
0.0079875
0.0079875
0.0079875
0.0079875
0.0079875
0.0079875
0.0079875
0.0079875
0.00678764
0.00764601
0.00763288
0.0078904
0.00797266
0.00790293
0.00791247
0.00797387
0.00790773
0.0079875
0.00798749
0.00798749
0.00798723
0.00798553
0.00798731
0.00798736
0.00798575
0.00798733
0.00678704
0.00764588
0.00763262
0.0078904
0.00797265
0.00790289
0.00791243
0.00797386
0.00790766
0.0018188
0.0049283
0.00186098
0.00184768
0.00183122
0.00482983
0.00669492
0.00674129
0.00477346
0.00797487
0.00798599
0.00797571
0.00798594
0.00789664
0.0075842
0.00760817
0.00788591
0.00181759
0.0049275
0.00186077
0.00184726
0.00183001
0.00482982
0.00669486
0.00674118
0.00477346
)
;
    }
}


// ************************************************************************* //
